default/710de78d-cb37-4b4c-a8b1-3dfcb64c0ed1.bmp 1 0 0 256 240
default/b1355682-5677-4416-bdfc-36904af1b54e.bmp 1 0 0 256 240
default/8e6e32cd-faf6-4979-be4b-cc4e4ad6ae6b.bmp 1 0 0 256 240
default/36f14026-8d04-4457-a654-5ead9ebe1bf8.bmp 1 0 0 248 248
default/eeab2744-b5a4-4a06-a076-a2778222a900.bmp 1 0 0 256 240
default/6341a7e8-dc72-421d-9d6d-0b35e97e96cd.bmp 1 0 0 256 240
default/19a7c313-ccab-4b04-aa56-cbbd32919f9f.bmp 1 0 0 233 233
default/9f316292-4785-43b8-968f-9d6a6cded957.bmp 1 0 0 256 240
default/741fc817-e09e-47be-acfb-3da06536e128.bmp 1 0 0 233 233
default/7aeff791-684a-4dd3-8e1b-9f47628f7051.bmp 1 0 0 191 191
default/d2e0f705-2e85-454b-ad92-5baf1a10d590.bmp 1 0 0 256 223
default/8b3961dd-46c0-4864-a848-6fe09a9cec83.bmp 1 0 0 256 223
default/13bb6540-fded-46b1-a1c2-18e2010dfd2f.bmp 1 0 0 195 195
default/44d2bf1e-4520-47d7-805f-83126276196c.bmp 1 0 0 256 223
default/cba0b02a-6e6f-4030-87d0-bfcbb02b627e.bmp 1 0 0 256 223
default/5a798176-dade-4830-a6b5-d85274ae3a57.bmp 1 0 0 256 223
default/7e11d56e-434a-4bc9-9915-8093037d26fd.bmp 1 0 0 140 140
default/69df6473-75e7-4c23-9794-330cab359667.bmp 1 0 0 232 232
default/5a7d98c6-6931-4d8b-a272-017b5d6bd9cb.bmp 1 0 0 256 223
default/9602fb5f-dd1d-4fdf-9857-1b526674a572.bmp 1 0 0 146 146
default/3e95ede1-9e4c-4e52-b8a3-f5465aedcb35.bmp 1 0 0 256 228
default/835161d4-58a4-4b85-bdab-73cf798c86b1.bmp 1 0 0 198 198
default/f66e6936-fc64-49a1-8048-0d219baf4047.bmp 1 0 0 242 242
default/49b9e6e8-d632-46d9-8204-bd3270bd1856.bmp 1 0 0 172 172
default/415c8fd9-25bb-4a5c-8d64-70566bd16684.bmp 1 0 0 140 140
default/5f95a4ea-279e-4589-a73b-c3071846b5e5.bmp 1 0 0 140 140
default/d6039e1d-b3ab-44ed-bd61-621d493d61f4.bmp 1 0 0 256 228
default/950eb115-e7b1-4668-b612-3e2cd5f87b6a.bmp 1 0 0 234 234
default/864e2544-2452-4848-855a-0bf3a64aec60.bmp 1 0 0 256 228
default/1fd58a18-0558-4a69-8717-51e06b50c760.bmp 1 0 0 256 228
default/f38f2292-192f-4534-8ea7-ecc87de30932.bmp 1 0 0 154 154
default/fdbdd2e7-d88b-4aa6-a78a-42c86540c74a.bmp 1 0 0 256 228
default/978a976e-4d12-4a38-8dc5-1b5322c93953.bmp 1 0 0 256 228
default/ad3cd28c-7ce3-471d-a99d-fe15f2e1e05f.bmp 1 0 0 245 245
default/02c65201-b0dd-4692-a0bf-cfda77bb4a78.bmp 1 0 0 139 139
default/f1823a63-26bf-425a-93c1-c7df2763d19e.bmp 1 0 0 256 228
default/61a5b10c-cb79-4d43-be10-0c701f879aed.bmp 1 0 0 179 179
default/9af1efc2-4bbc-44a2-99d0-aa978471db33.bmp 1 0 0 256 228
default/9a54b6ed-cb94-4618-b9fb-f947e7c5b6e8.bmp 1 0 0 256 228
default/4b4da43b-8d91-4b55-93d2-9e0cb155f8c5.bmp 1 0 0 246 246
default/08e16794-3965-4d48-a1ba-a82d988f9ead.bmp 1 0 0 256 243
default/3ba5065f-db7b-4562-af8a-a5139079d35a.bmp 1 0 0 256 243
default/d98585f3-7fb1-4b59-98aa-c42b62c79896.bmp 1 0 0 256 243
default/1bc6dd27-65cb-46ba-ba2e-21033c542025.bmp 1 0 0 256 243
default/9ec4af72-ac31-4963-b3b6-3765c7b40205.bmp 1 0 0 194 194
default/ee463f75-679a-404d-9624-edc8c0da6262.bmp 1 0 0 256 243
default/823db685-f0d1-41c8-b3b3-8be058b72faa.bmp 1 0 0 256 243
default/e00c4fbe-6edb-4418-a932-69f2a3d1c87b.bmp 1 0 0 137 137
default/2994a94e-8b4d-4787-93ea-a65ff28b8d76.bmp 1 0 0 137 137
default/d2fd867d-1273-4e18-b253-16d79855c953.bmp 1 0 0 256 243
default/a0e41dee-3407-4cc3-9318-86688f773884.bmp 1 0 0 233 233
default/af290077-e2c3-4a98-a65a-cff4f9573874.bmp 1 0 0 205 205
default/5298e62a-2d74-46db-a730-56dce5da2c33.bmp 1 0 0 205 205
default/7dff1efe-4748-4ea8-9c38-70244cddd5c1.bmp 1 0 0 227 256
default/70fb7e9c-de3e-47b5-8f27-b21e742ca40e.bmp 1 0 0 193 193
default/3a4d5c6f-4c31-48d5-9b14-8280ad12556b.bmp 1 0 0 227 256
default/e6bc4b12-2205-428a-9ee3-e00bdf60ae02.bmp 1 0 0 227 256
default/04f62291-0582-4729-b51d-602ac130f261.bmp 1 0 0 227 256
default/0802117e-f995-4549-b196-fc32a4077588.bmp 1 0 0 234 234
default/f56e2907-0d24-44b5-b145-6eb874c5ab96.bmp 1 0 0 227 227
default/4613b281-44ea-4f7b-a592-963f9d47e92c.bmp 1 0 0 256 241
default/ae30f1bc-6c69-4b6d-8ac4-4da33f41503c.bmp 1 0 0 256 241
default/9bc43951-1524-4e9d-b414-b1589ea2bd8c.bmp 1 0 0 141 141
default/4f2d1150-d1fa-4a8f-987c-75af7126708f.bmp 1 0 0 256 241
default/a546d26f-58c9-4392-8d08-212ffbf44786.bmp 1 0 0 256 241
default/9d56ce98-6833-4b84-b281-0b5267d5581f.bmp 1 0 0 256 241
default/82ed8a9d-9c42-45b7-915f-caac29dc9968.bmp 1 0 0 256 241
default/11fce00a-3056-4723-a9bf-3862e0fee473.bmp 1 0 0 197 197
default/1566b63d-50ba-4af6-8496-efd565ba0d18.bmp 1 0 0 256 241
default/528c37c4-f7eb-47b8-b15b-febec3430a31.bmp 1 0 0 212 212
default/9a89d5a2-d2b6-4174-a530-c92d30bff764.bmp 1 0 0 256 221
default/78c64ded-26cb-4c41-880b-3c36630f5681.bmp 1 0 0 256 221
default/df4458ad-5b68-475a-9391-ffa7745415b7.bmp 1 0 0 194 194
default/758e0c6c-8568-4391-aa83-cea20b9b6550.bmp 1 0 0 177 177
default/4bdd50f9-7442-487e-9b92-3e8695c7bbdb.bmp 1 0 0 256 221
default/e8ed3374-0303-44d5-bab7-ead71dcf80a1.bmp 1 0 0 140 140
default/7f3160d6-a174-49dd-845d-767e6922f2c8.bmp 1 0 0 256 221
default/8384011c-f2fc-4b27-83fe-bc4c48e13f2c.bmp 1 0 0 256 221
default/0fb7af8c-a526-441d-9c31-af29affe655d.bmp 1 0 0 256 221
default/1acd89a0-e28b-4211-8e18-ade26b109f13.bmp 1 0 0 145 145
default/f7116cf3-5907-4a9a-9169-1c758116e9e3.bmp 1 0 0 217 217
default/3b9563b2-44a9-4c0d-bb9c-38c6d05979da.bmp 1 0 0 256 239
default/e3c60705-3e73-43b6-8618-b3757fe54205.bmp 1 0 0 256 239
default/7ae9cc6d-1c6f-4dd8-bd68-12d34710fccc.bmp 1 0 0 256 239
default/7ce62f33-2613-4227-a5ff-31bc74acd10a.bmp 1 0 0 205 205
default/f7c86bf5-e463-450a-84d2-3de6b9c643a9.bmp 1 0 0 238 238
default/3a54b66b-99dc-4546-8075-493889632cc7.bmp 1 0 0 256 239
default/6206203d-7cda-4679-a547-35819d27d8f2.bmp 1 0 0 256 239
default/ec77c68c-92a0-4e48-8aa8-e36e0291c84b.bmp 1 0 0 197 197
default/76bc3611-116d-41cc-bab8-43f66c54bffd.bmp 1 0 0 256 239
default/0206efc5-7ad3-4e37-9cda-365eac4a8223.bmp 1 0 0 256 207
default/dd44cf31-b309-4149-8373-275ec95a4567.bmp 1 0 0 237 237
default/ad7b1f82-3cb6-4861-85ec-64cd37905daa.bmp 1 0 0 248 248
default/824d969b-4650-40f0-9d71-cc4b7a988b36.bmp 1 0 0 256 207
default/fccf5018-ca92-42c8-b121-9e109590c9eb.bmp 1 0 0 192 192
default/9fef92bb-e113-4eef-b663-ff741ac775d7.bmp 1 0 0 211 211
default/6affcf0a-f248-4414-99c9-2ae9c0c710fe.bmp 1 0 0 232 232
default/05c9be38-ce4d-4314-9bd8-2482b29a6103.bmp 1 0 0 256 207
default/db1289e8-8de3-408a-80a5-b4a5194cc71c.bmp 1 0 0 216 216
default/4528fc64-18c2-43c5-8e18-f5dcbda4df2c.bmp 1 0 0 256 207
default/f55773a1-accd-430f-9fb5-f828dabb925c.bmp 1 0 0 174 174
default/6f5a9971-5c79-4d42-b96b-9bff76b36c1b.bmp 1 0 0 240 240
default/4660ff8b-e482-4798-8912-a363d796cb33.bmp 1 0 0 256 248
default/483d2272-2d56-4903-bfa3-3c3a024d36f3.bmp 1 0 0 131 131
default/7587b77f-c5cd-4acd-a85d-3826a77abeba.bmp 1 0 0 142 142
default/3dff2d9c-f400-4291-883f-cb68dcb3f42c.bmp 1 0 0 205 205
default/ab7b45fd-0c46-4061-80a0-0a786025bd64.bmp 1 0 0 219 219
default/751768d1-1c5a-48a0-925f-bdb05ad6204e.bmp 1 0 0 181 181
default/23fd92b5-7738-41c4-aca0-fdb9482393f9.bmp 1 0 0 256 248
default/303f0c59-5da5-45cb-a3e3-08c259b00197.bmp 1 0 0 256 248
default/be16d76f-90d8-49fa-9ecb-c5f3b831edda.bmp 1 0 0 256 218
default/646e9fb9-309d-4d24-b6bf-d4a51f60cae3.bmp 1 0 0 256 218
default/d6d768e1-0ba9-427a-8ad1-31520ad811da.bmp 1 0 0 149 149
default/97359e3f-7906-4373-9422-f945fcc33bf3.bmp 1 0 0 256 218
default/ddcb7c0f-4245-4016-845d-aedd7d1e20e5.bmp 1 0 0 160 160
default/f520cd9b-beee-4404-b571-2b527b8f2de6.bmp 1 0 0 256 218
default/71cbc572-717b-49e8-8130-1345c334ce05.bmp 1 0 0 256 218
default/729ea1b1-5b6e-4eca-a09c-de457805ac3d.bmp 1 0 0 256 218
default/201d056f-507d-43a2-8434-6638f2677b27.bmp 1 0 0 256 218
default/5d8cc156-97e2-49fe-9125-5c3dc5b99c48.bmp 1 0 0 256 218
default/4dd57775-af3f-446f-806b-b3db0c244a60.bmp 1 0 0 154 154
default/d828a59c-a782-4e76-842d-53c89e3c049d.bmp 1 0 0 202 202
default/d902be38-93b6-4ff3-a5da-cf26a2f01c76.bmp 1 0 0 256 254
default/244d80a7-6cd0-402b-9c05-0fb433f8c428.bmp 1 0 0 161 161
default/65b93c64-05fa-4fad-9c9b-4c3661c8fd6e.bmp 1 0 0 256 254
default/8cc5dab8-3198-44cf-8efc-690c0f89acf4.bmp 1 0 0 256 254
default/35fb53ef-5fc8-4246-aede-5b3babd9f2ef.bmp 1 0 0 256 254
default/7f471482-b3e2-4e0b-bdf2-338110d980cd.bmp 1 0 0 256 254
default/2861f32c-2bf1-4bf6-bbe8-5b71e8058381.bmp 1 0 0 256 254
default/c3273a5b-56d0-4e0d-90cc-12f50ce40ecc.bmp 1 0 0 256 254
default/52194f11-9dd9-4a5b-adca-0973902619b2.bmp 1 0 0 247 247
default/4f7ea1a6-a484-49cf-9869-b077eaed02c6.bmp 1 0 0 255 256
default/7a4aadad-1d5a-4611-9370-bb3ac03b3445.bmp 1 0 0 255 256
default/b060b1b4-f72a-4413-ad05-c60fad26deab.bmp 1 0 0 247 247
default/874678ba-c464-468b-9000-a12cad95dff8.bmp 1 0 0 255 256
default/ac41b225-c83d-4bf0-b4ce-09b28568445b.bmp 1 0 0 255 256
default/ce5560be-c7fa-416c-970d-e61d5c013014.bmp 1 0 0 187 187
default/33f612e2-4dcb-45f8-b049-0f46455ba665.bmp 1 0 0 237 237
default/ff29f883-0155-4f47-b62b-855aa8f9e3be.bmp 1 0 0 255 256
default/2b34062e-8f2b-4305-ab62-97b1e3a3afde.bmp 1 0 0 130 130
default/06bdabc6-e669-46be-8dc6-fb0ea10dd23f.bmp 1 0 0 176 176
default/2dc054dd-9e05-433b-9059-3083c6c5cce8.bmp 1 0 0 251 256
default/caf6e574-76c8-4241-84d8-fbe159348688.bmp 1 0 0 251 256
default/2e0cfd79-d12a-40aa-8219-ca18226ec38e.bmp 1 0 0 251 256
default/e215837c-af67-4eba-8341-82d465d9d96b.bmp 1 0 0 181 181
default/acb1cd2f-90c1-4100-b919-50f9ac575e40.bmp 1 0 0 251 256
default/18e47080-ac0e-4ff5-8eda-c01f1a309857.bmp 1 0 0 251 256
default/2a0df8ec-5956-49f9-88fd-011fd4b1d90b.bmp 1 0 0 201 201
default/de10d728-cf6e-4609-a553-33408cb1fa5e.bmp 1 0 0 170 170
default/2f4bfa07-19a8-4c12-90c4-e70634fab0e9.bmp 1 0 0 251 256
default/259b60d8-0b44-46dc-8df0-fd31471bcc9d.bmp 1 0 0 256 237
default/f8198f59-2c6a-44be-8122-06f94022af65.bmp 1 0 0 183 183
default/17ae545b-a941-4f92-afa8-8e2be42232fe.bmp 1 0 0 256 237
default/587a85ce-b64e-48b4-9c15-a8a50ae313e7.bmp 1 0 0 256 237
default/b21f1b71-b47b-405f-bffa-5090ecdff1fc.bmp 1 0 0 256 237
default/7b0e4a53-5ed7-4103-a163-ad2886f08e99.bmp 1 0 0 256 237
default/211c79c4-6965-4695-afce-00f42036771d.bmp 1 0 0 256 237
default/d4762633-b39d-405a-b762-5d5da0b01e0a.bmp 1 0 0 164 164
default/c0b23723-caf0-461b-9eaf-0db1ca36b4a1.bmp 1 0 0 256 237
default/7452af8a-8c5c-41b1-8c4b-fe3fd3ed69cb.bmp 1 0 0 242 242
default/925fdba5-28f2-4499-bf23-3e3835d1015b.bmp 1 0 0 235 256
default/c55b2028-68fb-4665-9912-8633b5895cb2.bmp 1 0 0 235 256
default/ec80154d-f740-48ee-9225-72fb14225029.bmp 1 0 0 235 256
default/46d4658b-02bb-404f-b179-11fbc6035ac6.bmp 1 0 0 235 256
default/4ce75b0d-ec48-4d03-9b5b-0eeabae53553.bmp 1 0 0 235 256
default/b10acc7e-f507-429c-b9f5-3573bd56eade.bmp 1 0 0 205 205
default/f50350ba-d756-4742-b615-56d7f01361a3.bmp 1 0 0 235 256
default/970f3242-e021-4ef3-ae2b-c84ed3913827.bmp 1 0 0 235 256
default/bfdfcce9-92f4-497d-b8f9-6ff4f5a628f4.bmp 1 0 0 235 256
default/e53a2413-377f-4d8c-a643-a12063b1896e.bmp 1 0 0 235 256
default/56a1e822-7d77-4c3f-823a-4b4261e28097.bmp 1 0 0 253 256
default/fda9d277-0aa7-4c5e-ba6a-c2c41675e404.bmp 1 0 0 163 163
default/aee43efe-6465-4aed-bb19-e6f1fef36201.bmp 1 0 0 164 164
default/b071e236-896b-489d-ae59-98fe916b7686.bmp 1 0 0 253 256
default/968fc8fa-e89b-422c-9fa8-da6670eab012.bmp 1 0 0 224 224
default/41d395d6-66d8-4bb5-9d5d-9eeb38d52e88.bmp 1 0 0 163 163
default/f2a69031-f843-42ef-bedb-b0b0df7eaa3c.bmp 1 0 0 253 256
default/07bf9cdc-250b-4ad8-9d78-17509172e887.bmp 1 0 0 253 256
default/6367026c-54e1-47dc-bd37-10cf311a13aa.bmp 1 0 0 154 154
default/03d9e9a1-36e7-4b30-90e8-30d6820dc174.bmp 1 0 0 253 256
default/49993267-ede7-4dd1-93e1-4ed0d43ca125.bmp 1 0 0 256 215
default/ab0f75af-64d1-400c-8db2-939a80417661.bmp 1 0 0 256 215
default/c93777d1-d96c-4107-bae1-d15263d37570.bmp 1 0 0 152 152
default/26833840-5559-4aca-9971-29557ed53bfa.bmp 1 0 0 157 157
default/1200b9ec-1e32-48f4-92f9-2212d470dc22.bmp 1 0 0 256 215
default/8bc1ce52-6104-4cb5-98c7-ca28a851ff3a.bmp 1 0 0 132 132
default/31f83cfe-850f-4b68-9461-da5ee48894b7.bmp 1 0 0 235 235
default/460b847a-cf27-4a7a-817d-d2791466df0f.bmp 1 0 0 191 191
default/df904727-59ef-4c3b-96ea-e0a0a5b96421.bmp 1 0 0 256 215
default/e731c75a-20f3-4c7c-baf5-201f20a1fbb9.bmp 1 0 0 256 215
default/1a3272e9-baf9-4cba-9da5-ead6e45b968e.bmp 1 0 0 256 230
default/dc3894a3-7ae9-4960-a222-95a2942da20f.bmp 1 0 0 245 245
default/de5c69c0-e6e2-45e3-b62e-248bbf810c67.bmp 1 0 0 164 164
default/36673a7d-c1ee-4e7d-b403-7df7b5adec31.bmp 1 0 0 256 230
default/f0b42854-3b63-4703-aee5-7ce208a7624e.bmp 1 0 0 206 206
default/4a1d41a1-7d15-403b-baf3-7d6689cf3744.bmp 1 0 0 181 181
default/042bd511-6e52-4d72-af22-6bab2c2b5982.bmp 1 0 0 256 230
default/90601120-18ce-4d62-bd28-622111cf1a4b.bmp 1 0 0 195 195
default/3e7ce0e5-52c7-4d3d-81c4-8d7f5ca5a9c4.bmp 1 0 0 140 140
default/181c0333-afcb-41ee-84b3-3bc2229eca36.bmp 1 0 0 256 230
default/d2e9653a-aeae-41a5-bee5-959715c97aef.bmp 1 0 0 138 138
default/78a13a8d-a519-427d-843e-e8b60fb7f91e.bmp 1 0 0 230 256
default/ff36c44d-44f8-4037-a8ee-6c478f622b4b.bmp 1 0 0 209 209
default/9d2bb980-8fd1-4728-b8db-25c3f3bf0149.bmp 1 0 0 230 256
default/e4cee083-50ef-4e02-9274-a1b4c17371d7.bmp 1 0 0 181 181
default/741d42f1-bf95-465f-8a9f-04f4739a0529.bmp 1 0 0 230 256
default/d2e11f1d-53cd-4980-a242-e0912c457c7c.bmp 1 0 0 195 195
default/f0e7570a-056a-41ed-bc58-9148e6f62a38.bmp 1 0 0 164 164
default/c38fc232-78f3-44d0-b69c-82cb431ee417.bmp 1 0 0 222 222
default/643d7ab9-c12c-459a-8d4e-3e71368ff635.bmp 1 0 0 230 256
default/d35cf04a-7027-4f58-8cff-6d5158425d33.bmp 1 0 0 256 235
default/34795504-bbcf-48d0-8a4e-593c101e2bf3.bmp 1 0 0 256 235
default/caf36889-476f-4408-8f69-1853356f765f.bmp 1 0 0 256 235
default/a94e8b00-59ae-47d2-9d11-2c3ee8a5ecec.bmp 1 0 0 167 167
default/06069a22-4031-4dea-a635-86e405a62b3f.bmp 1 0 0 134 134
default/8afb50ba-667f-4408-88be-477f0ec2a3e9.bmp 1 0 0 249 249
default/7a615a9d-a1f3-4cd5-9d7d-939b2ddccacf.bmp 1 0 0 256 235
default/34d94805-1633-4616-aceb-12c19a6d33ba.bmp 1 0 0 234 234
default/116d3af8-8698-4a14-87f7-d8cb7f3d6d24.bmp 1 0 0 218 218
default/de9b9e42-bb64-469c-81c7-025ad3d62ee7.bmp 1 0 0 256 235
default/6ff0ee04-b289-430b-bc3e-132fbf1332b4.bmp 1 0 0 246 246
default/fd003237-a773-484f-8a2b-b03d4334413f.bmp 1 0 0 199 199
default/4c36c84d-c66f-4237-9170-1d06f92aa5aa.bmp 1 0 0 256 254
default/7ff3680e-5284-49ae-9b39-ad99f67970f2.bmp 1 0 0 256 254
default/b35e4e83-2d5d-48e9-9134-7304352b94be.bmp 1 0 0 139 139
default/8c77bffd-13ef-4a69-924b-929f48f2d3b9.bmp 1 0 0 206 206
default/0714ed47-5902-4f91-8186-1be98d3f8d6a.bmp 1 0 0 219 219
default/ab563aa8-c4df-425c-941f-27f1c44c45a9.bmp 1 0 0 202 202
default/679786be-0b15-45f5-8051-f219ded35091.bmp 1 0 0 256 254
default/73c101cc-5ac6-4d3f-a307-205db18e5ad4.bmp 1 0 0 256 254
default/4f3582ca-7355-4705-ac5a-ca3a3c8d8a67.bmp 1 0 0 256 218
default/14d750f8-5b32-4331-8ce0-a85274bf773a.bmp 1 0 0 256 218
default/7c6ad3a3-eab9-4c22-84d9-c9bbed1af21f.bmp 1 0 0 256 218
default/55c7b528-1413-4403-8191-847f43132115.bmp 1 0 0 256 218
default/f62e7f82-3a36-4952-9f0a-6b3d5602ef5a.bmp 1 0 0 137 137
default/825abee7-68d5-4f10-bb05-c164293722f8.bmp 1 0 0 256 218
default/011c8813-54f9-4b12-abd9-2dd47966f4a5.bmp 1 0 0 256 218
default/bc2000a5-4e7d-4544-9d33-d2406003f54c.bmp 1 0 0 206 206
default/d2abcfc3-c9e5-4f2e-a941-13ac11a6167b.bmp 1 0 0 178 178
default/23c47d9e-0cec-4402-9398-1bc2877801b6.bmp 1 0 0 256 218
default/80802541-0ee1-4e55-a61f-c93e2bd8982c.bmp 1 0 0 162 162
default/7e4213f7-c7f7-40d7-a4b3-cf7341ce13ab.bmp 1 0 0 256 194
default/80c73355-36aa-4f95-941e-bdd855424756.bmp 1 0 0 219 219
default/fe644d5f-eb3c-4be7-80b2-d8d68897dfe9.bmp 1 0 0 256 194
default/71ee9bc1-7663-435f-ad50-b5f96b92700d.bmp 1 0 0 234 234
default/eeacbbe2-98a5-4418-9202-237cf92eb431.bmp 1 0 0 256 194
default/72521f6e-c1c7-42e7-b24b-7375cc1fdc24.bmp 1 0 0 158 158
default/5fe446d5-4a19-43c9-8daa-595851b25f53.bmp 1 0 0 256 194
default/0af8ef16-42a5-45c1-aa8e-a1ce3e66a479.bmp 1 0 0 185 185
default/4d2f4488-9d3e-4afc-aac7-7afcb7b59121.bmp 1 0 0 227 227
default/f5361d98-e8db-48e6-8005-8b39e7e2a31e.bmp 1 0 0 256 256
default/0e011f2f-95fe-4e81-a789-a4761a8e51ea.bmp 1 0 0 213 213
default/f24f97c8-1ef2-479f-9af3-44468980dc18.bmp 1 0 0 239 239
default/52042bb0-43e1-411c-98d9-1f16050eab7d.bmp 1 0 0 256 256
default/0c709635-1f31-4b18-8d26-88d64cf2d420.bmp 1 0 0 256 256
default/bd16a1e1-e617-46f5-8a07-559bed1af06d.bmp 1 0 0 256 256
default/456822da-35f1-4de3-af84-c6e0a37dc0f8.bmp 1 0 0 256 256
default/35016571-48ea-4f57-a3e8-68c8e6e9be91.bmp 1 0 0 256 256
default/54a698a7-0797-4316-89e5-1edef5786e4e.bmp 1 0 0 210 210
default/b09b1aed-dd17-485b-8a8a-4d7ce4a99fdf.bmp 1 0 0 256 256
default/a39acfd5-e6ac-4e8f-8053-485593892ec6.bmp 1 0 0 129 129
default/fd92923a-fdf1-46bd-8ad4-64fa7edb402d.bmp 1 0 0 173 256
default/c38dbfc2-ea09-4310-8526-a320448ca942.bmp 1 0 0 214 214
default/533f1a5d-5ad4-4299-94c8-02cd60b61cdf.bmp 1 0 0 228 228
default/f714ad2c-f5e1-4776-9f90-35b1aa8cd106.bmp 1 0 0 150 150
default/451638fb-83cd-497d-949c-e8a7e3217ceb.bmp 1 0 0 173 256
default/f6f15f28-2ebb-49d4-ab5c-721e9a9cf8d8.bmp 1 0 0 173 256
default/fe679323-eb8d-4f97-94aa-278f8b6b3fb9.bmp 1 0 0 216 216
default/7a0e1241-a50c-4980-95c7-372298b69815.bmp 1 0 0 173 256
default/0652a3ac-0abb-43b6-abfc-9d424bfaa1e0.bmp 1 0 0 173 256
default/346153b9-388b-49f2-b0af-9e3e3e61f6a5.bmp 1 0 0 403 347
default/f235562e-669e-4188-b6aa-74bcceab1f9e.bmp 1 0 0 213 213
default/14414140-89a5-4a0d-bcc5-efe286b6b8f2.bmp 1 0 0 403 347
default/9a8207f0-655a-4bda-8af5-24e99aa3cef3.bmp 1 0 0 213 213
default/215eb275-197a-490f-abd5-360531c7ff65.bmp 1 0 0 188 188
default/ab93b863-b75a-435f-b8a3-f7171720c459.bmp 1 0 0 234 234
default/bc8fa68e-18a7-4fb7-b56c-ccd140a9befe.bmp 1 0 0 160 160
default/0b1b5fa7-bd50-4324-b117-036aab37f6f6.bmp 1 0 0 403 347
default/9503329c-196b-43a9-b246-d05def10e1cd.bmp 1 0 0 184 184
default/bdaa8193-58d2-4ec9-af48-85ae3d290478.bmp 1 0 0 247 247
default/b3ac619f-01ff-45cf-a4e6-d5e95c10b5ca.bmp 1 0 0 256 232
default/7be8927d-a6f2-4437-9390-9638f43fcb2d.bmp 1 0 0 256 232
default/919bc922-e677-4e28-809d-f5d9edb72227.bmp 1 0 0 256 232
default/f2d64568-82fb-4ecc-b05a-4902665b9988.bmp 1 0 0 131 131
default/0b17ab6d-0a85-453c-83d9-82d92564482f.bmp 1 0 0 256 232
default/21906459-970d-4f14-941d-ec4db58e3171.bmp 1 0 0 256 232
default/c88c627d-17ac-4469-a1df-da50b3c9983a.bmp 1 0 0 182 182
default/d13f6e1e-06cb-4499-94f4-02edca97c7ed.bmp 1 0 0 239 239
default/f32f6bc2-f7ef-48c3-a09f-0ed855ab1772.bmp 1 0 0 256 232
default/a2998a90-636e-45a8-b2f8-bb303c80807b.bmp 1 0 0 207 207
default/7f996619-2168-4ee2-85a7-26fd5d4c7fcf.bmp 1 0 0 172 172
default/25ddfb4c-f956-49f6-9f0e-2eb644eb63fb.bmp 1 0 0 235 256
default/4b97ec26-045a-4b56-b349-c11690faaa8b.bmp 1 0 0 145 145
default/66affbe1-3d26-4724-9b2f-58f08bc8f8e1.bmp 1 0 0 187 187
default/0e8911a6-6ce8-464d-b0f8-f6bed1eed209.bmp 1 0 0 245 245
default/c80d782a-c172-4072-9907-80e800cd33cf.bmp 1 0 0 204 204
default/e644ee63-edf3-44a5-8cb9-5b5019892851.bmp 1 0 0 235 256
default/17b078ae-a109-4b68-809b-888ce6f5e09c.bmp 1 0 0 235 256
default/9e236cc7-c361-486c-b833-b5d9dec916fa.bmp 1 0 0 216 216
default/fc4f0a4e-43e5-4ff2-adf9-73750f84eb63.bmp 1 0 0 235 256
default/f6bde786-e916-4707-a0e9-cf02e3d84fe2.bmp 1 0 0 128 128
default/3c9aab34-8bd6-46e7-b852-469247962bf4.bmp 1 0 0 142 142
default/9fe9d0ce-7c9b-4038-b105-4e3e26c82e1c.bmp 1 0 0 195 195
default/d6fa25e7-6fa7-452c-b95b-c9b817ac2bae.bmp 1 0 0 256 231
default/0f27775f-87dd-45ca-adb7-b5179a1f3c9c.bmp 1 0 0 210 210
default/8170fc17-af29-4987-ae6a-78e5eba796b0.bmp 1 0 0 181 181
default/5c0b94b9-bd04-4831-beb8-f1255d92bec8.bmp 1 0 0 256 231
default/bc5d80c0-6b8a-431f-89ad-ed9cd8d4cee1.bmp 1 0 0 256 231
default/7eec4d55-0dac-4357-ac96-b7f48c8ceb4b.bmp 1 0 0 256 231
default/b64aaa0c-dfaa-45e1-8fb4-86ad7c5138ef.bmp 1 0 0 256 231
default/1b37cc8a-c5f5-4ee0-89a6-2d08520758a1.bmp 1 0 0 215 215
default/0b318274-aed6-463e-ad78-c2908bb72397.bmp 1 0 0 162 162
default/b0f47530-b8d4-4468-b836-5962a6f26ec4.bmp 1 0 0 175 175
default/b80608d0-6cdd-4c85-802c-2cd461199711.bmp 1 0 0 256 239
default/063bc011-713e-4c6e-938f-218004f18c07.bmp 1 0 0 256 239
default/15fb002f-2ec9-4d3a-b26b-ec52a318c35a.bmp 1 0 0 256 239
default/9d7b7360-1316-4da9-a69f-e8acd7342059.bmp 1 0 0 197 197
default/33e4cecd-a050-4807-9d09-e3defd32e6ca.bmp 1 0 0 256 239
default/9d625c7c-c801-4b1a-ae49-33f3cd488b2d.bmp 1 0 0 256 239
default/8f87edd1-c1f7-4856-94db-a8cf1c2482f7.bmp 1 0 0 256 239
default/206c05fa-5c66-4bee-9d2e-920cd2ffb9f0.bmp 1 0 0 252 256
default/46f0863b-c9e6-4bf1-96a2-19fbc3b01805.bmp 1 0 0 197 197
default/1544c3ee-bd24-41a2-8b71-417e2af2a43b.bmp 1 0 0 252 256
default/b5895895-36d9-4f02-91ef-38873c589b9d.bmp 1 0 0 252 256
default/49546ed6-6518-4015-b5e6-2c639fee5841.bmp 1 0 0 252 256
default/91b0afcc-a5b6-47a2-bfbc-87b724648936.bmp 1 0 0 170 170
default/cb937222-6d97-45b9-b199-2358a993a4f6.bmp 1 0 0 205 205
default/1182af96-bca0-4406-a66f-95a7fc001e39.bmp 1 0 0 155 155
default/34c9464a-46a8-4d42-a310-b4c4ee0ee48d.bmp 1 0 0 252 256
default/2d51b110-5d06-4405-bb49-7b8b4065db41.bmp 1 0 0 252 256
default/3500d4a7-623a-4c66-9432-0005378686d6.bmp 1 0 0 256 238
default/0b90733d-e521-4030-b229-a0c86881fb61.bmp 1 0 0 256 238
default/cff93080-2418-4fea-9e4a-6fb99a23cf46.bmp 1 0 0 256 238
default/3dffda1c-e20f-47d0-8dfb-e9bb9b8d7da0.bmp 1 0 0 256 238
default/9a8de653-6190-4ef9-a3ca-aa8fcedca867.bmp 1 0 0 256 238
default/715bd554-afb2-466b-b1dd-0ee8f2cdc7c1.bmp 1 0 0 256 238
default/f600d905-ed56-4d1a-9aa3-bd05e2b4fd89.bmp 1 0 0 215 215
default/11a071a5-4440-4d8d-898a-0484f59653ee.bmp 1 0 0 256 238
default/3ed4cd14-7b0f-4068-8386-1dfa23a0a243.bmp 1 0 0 256 238
default/c19cd572-991e-42da-afaa-ade4ee8afd02.bmp 1 0 0 256 238
default/06b3d34f-c897-4eb6-a4d0-9a469b79e42c.bmp 1 0 0 256 212
default/3815483d-cda3-42c3-9b9f-f0e8d9af6460.bmp 1 0 0 256 212
default/411ed552-ba93-40e8-928f-1c1d84066d11.bmp 1 0 0 256 212
default/e0a0f5b6-7228-4684-856c-72469d8ee6e3.bmp 1 0 0 256 212
default/f23da649-1064-4c20-9ed8-e69abb8739d4.bmp 1 0 0 163 163
default/21987ce0-c354-47e7-90da-a95df1f1c941.bmp 1 0 0 226 226
default/41fd6cfe-3dc4-4703-a9e7-5cae725dce6d.bmp 1 0 0 181 181
default/1dc478e1-5465-49da-acbf-147dbea12173.bmp 1 0 0 256 212
default/c11b204e-9d5a-407d-b39e-29deb2735711.bmp 1 0 0 168 168
default/2099baac-ba9c-4029-bfb8-c917175abca7.bmp 1 0 0 171 171
default/7facdc17-7ed7-400e-b8b7-65fa104f671e.bmp 1 0 0 134 134
default/49a8c650-6764-4bbd-831c-b66c127c643b.bmp 1 0 0 256 254
default/225f5862-a33c-4b61-9623-ad6eb550e721.bmp 1 0 0 256 254
default/82d53a54-2635-4c94-8475-f9240764da56.bmp 1 0 0 199 199
default/d8557e34-ce54-4c74-a990-6c658959a3b3.bmp 1 0 0 256 254
default/13e5de51-6af5-4c82-837f-89fb7aadc034.bmp 1 0 0 256 254
default/798ce7aa-de67-41d0-885a-49260cedc3bb.bmp 1 0 0 256 254
default/ccef75f5-b171-4aa1-842d-0639894b1919.bmp 1 0 0 256 254
default/6f88c084-7903-4f26-9389-4905b5db95cb.bmp 1 0 0 256 254
default/4d885a02-05c1-478a-a884-11ba6abd0520.bmp 1 0 0 177 177
default/996398bb-7029-4464-b67e-b671ef38c3d3.bmp 1 0 0 205 205
default/a37d83c0-a6bf-4d81-80d6-6ff652a0647a.bmp 1 0 0 256 225
default/c8aeacb8-46ad-4f88-8247-274859e91119.bmp 1 0 0 256 225
default/dbcf0ae0-2b49-410a-be44-83b393383402.bmp 1 0 0 256 225
default/71b6c3d7-e8d8-4e71-9f12-62344d295e3a.bmp 1 0 0 207 207
default/14453627-d560-4cf9-a505-942b053e3a5a.bmp 1 0 0 256 225
default/9e821a58-34c1-4bdf-a4a8-3136a1c13a5c.bmp 1 0 0 256 225
default/602938c7-7212-4566-a436-29d17ef22a04.bmp 1 0 0 256 225
default/1b0a0365-fd48-460a-9291-d2a14731eb77.bmp 1 0 0 240 240
default/cb9c3400-fbf3-41a2-9e3c-d28409579bed.bmp 1 0 0 208 208
default/4538fc7f-9dc2-42c1-8ce7-954b3563f813.bmp 1 0 0 256 241
default/29f12081-c03f-4fce-9eeb-d8310491f9d9.bmp 1 0 0 256 241
default/76481a16-c93b-4412-8c59-59a0f7556b39.bmp 1 0 0 145 145
default/7fe265d9-dced-44e2-b947-a8311b6fb5d0.bmp 1 0 0 256 241
default/7fbd7642-e57a-4c05-91c8-4311937a0d60.bmp 1 0 0 256 241
default/6eb5a714-619c-4338-963a-626546b007a3.bmp 1 0 0 164 164
default/6c78b9f8-bdea-4b38-a1ba-fb8038a4d711.bmp 1 0 0 185 185
default/de52b761-1353-4171-8011-10603efbcd11.bmp 1 0 0 198 198
default/cd9f0f08-d4ad-4b22-858d-405f7114b0f4.bmp 1 0 0 256 241
default/9d4b35f5-27ab-4984-8efb-d70193faebf4.bmp 1 0 0 230 230
default/41b96df4-eb34-4afd-9149-2f9d9bcc843b.bmp 1 0 0 256 203
default/5fba09e2-edf7-47dd-a5c1-e53a8ddd2a8c.bmp 1 0 0 230 230
default/31e32b60-c68b-4e56-870f-c90a7836c4bf.bmp 1 0 0 256 203
default/b84ecc10-78e5-4f29-a8f7-c4427d60cd49.bmp 1 0 0 209 209
default/b6574ebe-da65-4de9-807d-0bd7584f957d.bmp 1 0 0 256 203
default/ad0b70bf-f918-496e-a8d8-64f06af3ee7a.bmp 1 0 0 256 203
default/ee119e92-8682-4193-b776-2ff391e1af83.bmp 1 0 0 256 203
default/140ef1fb-46e8-4ee1-afd3-713ba17584df.bmp 1 0 0 256 203
default/23972d9c-c92e-4fba-b327-d359150e6fb1.bmp 1 0 0 256 203
default/dc6c9326-93e9-4455-8b62-09bb319c5fc3.bmp 1 0 0 256 203
default/3ff786de-078a-4254-a266-417a0c7be15e.bmp 1 0 0 129 129
default/9c2b0811-0745-4b33-85ea-f0fb7058641e.bmp 1 0 0 175 175
default/4c610082-64c4-4b1c-84c4-fb442622b262.bmp 1 0 0 256 240
default/c9e10589-7d9f-48c9-b41c-d1063e197263.bmp 1 0 0 147 147
default/954e83da-e462-4b04-abf7-51cf4005653e.bmp 1 0 0 256 240
default/5a11423a-3527-4327-90af-67e23e09033c.bmp 1 0 0 256 240
default/31fffc1d-62d4-4ac1-8f05-e630569800c4.bmp 1 0 0 256 240
default/d4f082d6-6506-4c40-a2d8-89575d68c202.bmp 1 0 0 256 240
default/94d9a32c-4123-4aea-8594-06f3b50b0d0c.bmp 1 0 0 210 210
default/57ce5157-8a83-470c-935d-8479519e0575.bmp 1 0 0 182 182
default/715b9e0e-693b-47d5-876a-2a9ba89d50f6.bmp 1 0 0 256 224
default/70e6fca7-a1c8-4685-8e89-502111ce9ef9.bmp 1 0 0 131 131
default/a2d440ee-b18d-4ea4-9d1d-253001a00bd1.bmp 1 0 0 163 163
default/327b4a89-8d5f-4c65-9ae1-e384728c84f2.bmp 1 0 0 256 224
default/61a90f37-088b-4937-a479-7c8b25583d1b.bmp 1 0 0 256 224
default/7f72f449-6761-496f-9006-30424244b656.bmp 1 0 0 198 198
default/82cd2251-a1ec-4a89-bae8-c8810fce5caa.bmp 1 0 0 223 223
default/215a0970-e1d4-41ae-9714-9e2cb6a964c9.bmp 1 0 0 202 202
default/ed5e7a48-f7b7-4e2d-a191-9cc181259132.bmp 1 0 0 256 224
default/8d87021f-d47c-4ec2-99fd-75321bf8621d.bmp 1 0 0 256 224
default/e74b568a-79fd-450e-b0e7-f02c1c63f7f0.bmp 1 0 0 155 155
default/3a72e0ee-eec1-4159-a590-f1b330a3da56.bmp 1 0 0 246 246
default/6e03d416-2050-4d70-9f8f-0d01f54034a3.bmp 1 0 0 237 237
default/dc0840ea-cc2c-4c0f-9a95-57ae3e21fe62.bmp 1 0 0 251 256
default/e99b7dfa-4fd0-4860-805c-99ad32b8620a.bmp 1 0 0 251 256
default/8fe80ad8-c97a-41c5-986a-fc31429965be.bmp 1 0 0 251 256
default/0f686e17-c0d2-45ae-a1d0-420947fa71df.bmp 1 0 0 251 256
default/6024b67d-4be1-4df3-bfb3-b413a0966de8.bmp 1 0 0 139 139
default/5b7b645d-2f5e-484a-94e6-9597eed78738.bmp 1 0 0 205 205
default/1cb7c5b8-f136-4c68-aa43-618c996c9f83.bmp 1 0 0 214 214
default/2811195a-1ee6-43aa-b338-593b3df85d66.bmp 1 0 0 240 240
default/9650442c-64f4-445c-aea7-6b147a6c2aac.bmp 1 0 0 226 226
default/7dbfe5d9-085c-4dbf-a26a-b3154f42227f.bmp 1 0 0 212 256
default/22787c62-c6c3-44a4-aacd-c1bc60f2d2e7.bmp 1 0 0 239 239
default/b665383b-b8c8-4bab-a861-6ea4fdbf6059.bmp 1 0 0 206 206
default/fe5324c1-dff1-4857-8202-aa38ff67da92.bmp 1 0 0 212 256
default/5aa417a4-ba6d-49cf-9a14-8827a9eeeec2.bmp 1 0 0 212 256
default/baec4d5b-8101-4c06-98ce-11f2661dfb80.bmp 1 0 0 212 256
default/3c9820f3-c585-43ed-8ff2-302c8130abf7.bmp 1 0 0 212 256
default/a354ebc5-f23c-48a7-b2da-27a6431c7156.bmp 1 0 0 169 169
default/c0ca4a52-85a2-4f8e-b94d-4b07a3f14a35.bmp 1 0 0 210 210
default/7b7c289e-01ac-4b6b-83ec-0d5797026cb3.bmp 1 0 0 247 256
default/0a4a6c0a-0ccf-4c74-b83f-7a35e5be6f94.bmp 1 0 0 247 256
default/66d28c1f-fd64-4ba7-9959-83dab59e569a.bmp 1 0 0 247 256
default/a90f2700-b8c8-4d4a-894b-57cc6d2977fc.bmp 1 0 0 189 189
default/4da497b8-4554-4d0e-9222-b4bba88dadb7.bmp 1 0 0 247 256
default/71b4dad9-8e77-4848-89e4-05d8240e7143.bmp 1 0 0 145 145
default/35726297-d376-49fc-9936-5ecac3883bee.bmp 1 0 0 218 218
default/ad9423c5-c257-4879-8575-99abef562e6f.bmp 1 0 0 247 256
default/2333d098-c6a0-401d-ac54-3e7937de8d54.bmp 1 0 0 247 256
default/9b4b9030-ed12-4e9f-ba19-8c32cbb7569d.bmp 1 0 0 224 224
default/53086fd9-9b49-461a-a1fa-8b0d857189fc.bmp 1 0 0 256 256
default/bce7a6ec-f022-4535-a0bf-364cd571fbff.bmp 1 0 0 130 130
default/8113b081-1d74-4c52-9c7d-39ddf348ac76.bmp 1 0 0 256 256
default/40968d56-e4b3-4e0b-a10f-637fbfb4c376.bmp 1 0 0 192 192
default/c0960c70-7d34-41b0-969d-34761cfa1486.bmp 1 0 0 256 256
default/afca2f11-ad6f-47be-a9b9-15c6166efb2e.bmp 1 0 0 199 199
default/b4f85b13-b030-48c0-bde2-038e858def7d.bmp 1 0 0 256 256
default/fd30f3b7-f4bf-49cd-aa1e-b61d2f216860.bmp 1 0 0 150 150
default/d8315e31-66df-428e-baea-1ee923dbf56f.bmp 1 0 0 256 256
default/015ca9d0-e5d8-4444-81b8-edce3c96a4e4.bmp 1 0 0 256 229
default/4cacd9f1-670d-4588-b470-05b77c955a3b.bmp 1 0 0 256 229
default/6eb1370f-5f64-4208-913a-da71b2e0b086.bmp 1 0 0 211 211
default/cfb993c2-ab66-4969-95a3-f3b8ab39fe13.bmp 1 0 0 256 229
default/6c85e049-d4e3-4f93-93c0-20c0f4d7a6ae.bmp 1 0 0 154 154
default/04a5ba3f-340b-449f-af42-62c112d6c3a3.bmp 1 0 0 142 142
default/5bed9dc0-367c-452a-9312-1caa46bd95a2.bmp 1 0 0 256 229
default/57c107e5-6fe7-4d4c-a7e6-710033e758d4.bmp 1 0 0 256 229
default/d64bafd4-67ac-4f92-91a2-0497d37b9a37.bmp 1 0 0 256 229
default/0585879f-b26c-45b5-8160-e039b94feaa3.bmp 1 0 0 244 244
default/c66992ec-9bf7-494c-9e24-175624c267fb.bmp 1 0 0 256 237
default/772bd9da-8dbf-48e3-8db3-02dddf032dcb.bmp 1 0 0 130 130
default/e65a96c9-3221-47ae-ae5d-956fc3dce573.bmp 1 0 0 209 209
default/0c739ed2-cd20-4aae-85fa-629d0b9e2ba2.bmp 1 0 0 256 237
default/6ea12560-c99e-4c41-906b-00722d2c230c.bmp 1 0 0 256 237
default/d769801b-c429-4c5a-917d-8286cb69c3d5.bmp 1 0 0 240 240
default/c42fc988-4186-47ce-be46-c1ff03e690f0.bmp 1 0 0 168 168
default/04626787-128f-4cc3-8f49-252cc09c3fa6.bmp 1 0 0 256 237
default/37e5f7fb-db82-413c-a917-96d8381838ce.bmp 1 0 0 189 189
default/6cd7ee89-a1eb-46e1-96ad-6302a38450de.bmp 1 0 0 248 248
default/e5bd22bf-ff47-4454-98e8-0988c09aeae8.bmp 1 0 0 225 225
default/1984e52e-beed-4f1e-9959-57f4ec9f25ab.bmp 1 0 0 256 148
default/a8035c98-23cc-46ee-b94f-ec82b51463eb.bmp 1 0 0 256 148
default/2e77120b-87e0-49c1-bd87-91ab91686504.bmp 1 0 0 256 148
default/ae1f8eca-f3ec-4f69-bf38-02216cae702e.bmp 1 0 0 227 227
default/ae360cfc-aafb-4684-ae94-109304cf5327.bmp 1 0 0 177 177
default/b54922fc-2f15-4615-87bb-15d8cfb2ff63.bmp 1 0 0 218 218
default/068d8837-5eeb-4dea-9751-f8e76cba3963.bmp 1 0 0 250 250
default/c8f97fa2-f820-4e98-8c05-5eeff7d6de9a.bmp 1 0 0 134 134
default/e24799d6-f506-4674-8b5c-87ebbf13874f.bmp 1 0 0 190 190
default/e963b810-6924-4ba5-8610-ce844cc4c807.bmp 1 0 0 204 204
default/b7bfe46b-d0e4-407c-a1fd-dd9925b40275.bmp 1 0 0 253 256
default/f7afd246-5a59-4f4a-82cc-6abbaab7346e.bmp 1 0 0 253 256
default/c4806343-0842-47d3-ac0e-185ef30d5c2e.bmp 1 0 0 253 256
default/b39f9a14-fa2d-46b7-b704-d0b56d461e46.bmp 1 0 0 253 256
default/32868f5d-768e-4a38-8ecb-159044d3a39d.bmp 1 0 0 253 256
default/0dc5cfa4-11c3-414b-94e3-e1f1939be6c8.bmp 1 0 0 253 256
default/0b35b900-067e-41e8-a2f1-be30ebe053f0.bmp 1 0 0 204 204
default/128a03cb-9d72-479c-bceb-818a66f8fde1.bmp 1 0 0 253 256
default/32b08546-3fe1-4184-875c-e584a08c3106.bmp 1 0 0 253 256
default/71831182-51d5-4719-89ee-196f2456316e.bmp 1 0 0 256 255
default/89849cc8-a7eb-45a4-b38b-bfb635e0a296.bmp 1 0 0 149 149
default/8f59ffac-b8be-45e2-b1e9-93ce5c80cca8.bmp 1 0 0 165 165
default/d88136e2-b31b-497e-8294-979f463799d5.bmp 1 0 0 256 255
default/7db00adb-4b1c-4493-a65d-41625f598eb8.bmp 1 0 0 165 165
default/0aa3ad37-f52b-4010-91ae-bd3dd5ca9f5f.bmp 1 0 0 256 255
default/0a16fbce-42ae-4dfc-93ba-06adbad3d1f7.bmp 1 0 0 142 142
default/74a33304-5d99-454b-abba-c5c50406b286.bmp 1 0 0 256 255
default/fa6952a8-6a5c-4e29-9f3f-6e4e08b69df5.bmp 1 0 0 185 185
default/feb8ce5a-f632-4f7d-be19-ce406b5d3f89.bmp 1 0 0 256 255
default/26de9a49-e736-46f0-b8ce-69f7dd6d188a.bmp 1 0 0 219 219
default/a1ad3da3-3fff-4887-a1f2-88e7e9b15dc4.bmp 1 0 0 256 254
default/d217d696-3156-4f69-a1fe-e53ef4c849fe.bmp 1 0 0 256 254
default/ed43f4e3-a8ef-425f-893b-ca1c309929e1.bmp 1 0 0 242 242
default/290a737e-afef-497c-bf51-124bfc3211c3.bmp 1 0 0 256 254
default/ca056177-39e6-42b4-9bd9-17acca98fa47.bmp 1 0 0 131 131
default/dff4c31a-414e-4ea5-afb3-90bac277ff78.bmp 1 0 0 197 197
default/8ee5c84b-a77c-4173-be45-427f93c8cc2e.bmp 1 0 0 256 254
default/b94ffb3d-4b75-4db1-a38e-578f29382406.bmp 1 0 0 256 254
default/1b7feaf0-c0a7-4f81-8e1d-73cf7badf2e6.bmp 1 0 0 213 213
default/e8e630fc-9f8f-4f5c-b3e7-cb410486bc70.bmp 1 0 0 256 238
default/cc1e14dc-96e9-41b9-8dba-134cc8e9dc10.bmp 1 0 0 256 238
default/8e5c9f81-2ea8-48dc-bb45-4ed698be995e.bmp 1 0 0 256 238
default/6fa9b8d9-0151-46e9-929a-bee5ea629634.bmp 1 0 0 256 238
default/5ef06f74-661a-45bd-a463-1c7d3dc1e4c7.bmp 1 0 0 256 238
default/2d0a8ffa-4c52-4e9c-86c7-21d439c111b0.bmp 1 0 0 235 235
default/d60f2448-df77-42b4-a9ce-6b03a4a8d4c2.bmp 1 0 0 256 238
default/b038a6a4-bad5-42ae-9ed0-75500f8fa9b5.bmp 1 0 0 256 238
default/f63fa70d-b5e2-49bc-a2b7-47f05fe5d9d8.bmp 1 0 0 256 238
default/d53c116b-d36d-43bb-bebd-01dc129a04f8.bmp 1 0 0 145 145
default/d07b082c-d5a6-4a71-a52b-89f34573ebc9.bmp 1 0 0 196 196
default/bfccbe2a-94c8-4b94-86cb-357fd1f033f9.bmp 1 0 0 256 259
default/8aa8401e-908f-4489-9812-959804fb598b.bmp 1 0 0 188 188
default/03685155-07b0-4c40-9229-9e66571c5c43.bmp 1 0 0 149 149
default/4b7e191f-a76c-46cd-a984-4337ecec341e.bmp 1 0 0 256 259
default/baab23cd-7cb4-4ee4-8d59-3954b009cdf8.bmp 1 0 0 256 259
default/e896fac0-cb28-4d9a-875f-327cf0fc138f.bmp 1 0 0 256 259
default/3ced81a6-4ba6-4484-81b5-bbda11e9dc4b.bmp 1 0 0 141 141
default/2eab0334-4136-4938-8b41-8a2b2790fb18.bmp 1 0 0 189 189
default/34ff933d-7974-4c46-a3ab-513b23a3f27f.bmp 1 0 0 256 259
default/f37cc630-cea3-44c3-b8d5-ceb2d3f4c4cd.bmp 1 0 0 256 244
default/3e73ea29-685f-4c7e-9f86-f6fbbe5404aa.bmp 1 0 0 256 244
default/8bfc132b-f562-4f23-9621-0c7e04f24eb5.bmp 1 0 0 256 244
default/5413549b-8e21-40ab-9f43-516ae37facd4.bmp 1 0 0 256 244
default/1ce5ed6c-3015-4ac4-822e-faf8547ef456.bmp 1 0 0 256 244
default/5fbc4989-50ba-44a5-ad8c-d290a0ed4bf7.bmp 1 0 0 256 244
default/0c4bc49e-6627-4097-bcea-c959bce5ae1d.bmp 1 0 0 175 175
default/2c4d3622-623e-4f9b-bd46-9a58abd809f7.bmp 1 0 0 208 208
default/28bf4e75-40d4-4ace-90f3-6e9ab14f4952.bmp 1 0 0 256 244
default/df5dc901-df65-4033-999a-561ae6c1387e.bmp 1 0 0 194 194
default/f4aa21ef-ec02-4738-a577-24500b4d665e.bmp 1 0 0 149 149
default/d67f1c68-61e2-4608-b8cc-6ab7be40f2e1.bmp 1 0 0 256 223
default/7ff6d6f4-4124-4f7d-a694-814a245205aa.bmp 1 0 0 131 131
default/75482141-5ab8-4941-b255-466ad37dc8a7.bmp 1 0 0 256 223
default/73c3bc20-445d-4581-a36c-53e5e7cdeb7f.bmp 1 0 0 212 212
default/b19e0e61-a864-4d86-a1d8-1885e9f62aa6.bmp 1 0 0 196 196
default/214470da-9051-43c2-9c56-c2c51533f347.bmp 1 0 0 206 206
default/1420bf6a-ed3f-4ce0-bdc5-d4956bda6920.bmp 1 0 0 256 223
default/918a166c-27e4-4d47-9a3e-a1fb0b6a2981.bmp 1 0 0 256 223
default/09c3f67a-84c8-4d83-8233-28fc5f9f09b9.bmp 1 0 0 151 151
default/6c769f37-b987-4ec9-99ab-f23b9272fe30.bmp 1 0 0 256 219
default/9eed92fb-e003-4fb9-a5b2-548e5cbcf88d.bmp 1 0 0 227 227
default/19c8685a-72ab-41d6-8413-0c4cb84bbba8.bmp 1 0 0 210 210
default/fcbed82d-8118-4298-9364-f045ab5fea7d.bmp 1 0 0 214 214
default/d400d8d8-bcd3-45bf-87a0-f344e7884414.bmp 1 0 0 189 189
default/5fac9006-0a8c-46b4-b786-56b0c9202a36.bmp 1 0 0 216 216
default/ae7c3e66-379e-45c9-834e-d649b1b75cdf.bmp 1 0 0 208 208
default/b4f8bac0-987f-4d23-94ff-ec4e08c50b3c.bmp 1 0 0 221 221
default/390ee296-364f-429d-94fd-7d6268bea284.bmp 1 0 0 256 219
default/0845e2fa-c76c-416d-a170-0271c66af467.bmp 1 0 0 256 219
default/ebf528fb-6249-4d03-80d4-c1449aba3de7.bmp 1 0 0 256 208
default/493544d1-046e-4647-81b5-c0d8b2a11465.bmp 1 0 0 169 169
default/f2a9e5bc-dda6-4b42-980f-39303ce13cc3.bmp 1 0 0 215 215
default/01fd20ca-1124-4f52-abea-21757c6d0a32.bmp 1 0 0 256 208
default/52e62852-a591-4fc4-8846-ac94ee9efd0d.bmp 1 0 0 256 208
default/c71cde9e-435b-41fb-9cd4-d0c1413c4996.bmp 1 0 0 253 253
default/5aecce44-05e6-4f81-9810-76e0abeee1f0.bmp 1 0 0 193 193
default/84a68c17-074d-44c6-a18d-fe0dd4d5e719.bmp 1 0 0 256 208
default/1ad5e1cd-45c4-403d-89c8-9687221cba34.bmp 1 0 0 256 208
default/f3ba61d7-e4ec-4950-b48f-a590f4d1c55d.bmp 1 0 0 256 208
default/767d6ae9-e1d8-42d0-9f3e-5905d1d97180.bmp 1 0 0 157 157
default/44ee5af3-4d4b-45dc-b519-65fa78834404.bmp 1 0 0 148 148
default/fb480f31-2745-496c-a140-491521b81727.bmp 1 0 0 150 150
default/5a4c6d9c-9c7f-4cb2-acd1-f7ee880d3996.bmp 1 0 0 256 244
default/8fb3c58b-5a88-4219-9b59-1a24f91477cd.bmp 1 0 0 232 232
default/b2e89ba0-94f9-445d-8f08-bc2dbb19a360.bmp 1 0 0 256 244
default/0ffeba31-c5cc-4b2b-9856-abf7c38f374f.bmp 1 0 0 241 241
default/fa0732c4-2913-4e84-9083-c5f3be3fb420.bmp 1 0 0 189 189
default/050ba404-d0c4-4961-bf66-3056d14f23ca.bmp 1 0 0 256 244
default/e724e42d-c7f7-4d75-bff7-dbe157df87df.bmp 1 0 0 256 244
default/40349dab-d25c-4954-892a-a36844ec3f88.bmp 1 0 0 155 155
default/020c0d80-04b1-459e-862d-b0137a35fee6.bmp 1 0 0 226 226
default/1be86510-43d0-48d4-abde-834d26d56b19.bmp 1 0 0 256 240
default/820cd840-22f2-4bca-9614-6f8e04be0edb.bmp 1 0 0 256 240
default/ca7f880b-227c-44a3-be69-628605cc5781.bmp 1 0 0 256 240
default/78a37548-5d0d-4f80-a20b-84598207f211.bmp 1 0 0 256 240
default/1d282785-0122-457f-a267-3ba6968cbeff.bmp 1 0 0 235 235
default/e6dcba27-54ba-4a65-b3d0-d156363abc65.bmp 1 0 0 151 151
default/4474ce32-b79f-496b-8770-02afbade5af2.bmp 1 0 0 192 192
default/7d598b58-0e0f-40cf-a295-515f3cef9303.bmp 1 0 0 145 145
default/073a668a-1ba0-4a3b-af35-c4bd5f9fafc9.bmp 1 0 0 256 182
default/86506a4c-fa73-4f9d-a163-fef29c9e91d7.bmp 1 0 0 246 246
default/342fb4e7-407c-4ec7-bc42-3fea3931357f.bmp 1 0 0 256 182
default/82205978-83bc-42d2-bedd-e6c8e330a48f.bmp 1 0 0 189 189
default/f7ad8b38-8270-4e55-a977-bfe5f90c39b4.bmp 1 0 0 224 224
default/3d20abdb-47c2-4657-9866-674f55db01fb.bmp 1 0 0 256 182
default/c027fbae-f07b-48ce-98a5-b7eb84527020.bmp 1 0 0 226 226
default/4b578ac6-0b03-4bad-9b62-de38b3dea93e.bmp 1 0 0 207 207
default/23ad79f7-cdb4-402e-aa71-d1077f5859e5.bmp 1 0 0 256 182
default/b66bf1fe-8798-4bc8-b511-345769b9af41.bmp 1 0 0 256 182
default/59cc5c1f-68e9-4262-822a-56f14b0b6027.bmp 1 0 0 256 222
default/9bdec66d-bf8a-4b0c-b68e-347fb0c180ea.bmp 1 0 0 185 185
default/78f6494d-632b-491f-8463-594f8ad12888.bmp 1 0 0 231 231
default/9c2aab43-eaa9-4687-9e9e-80e49caa07a9.bmp 1 0 0 256 222
default/437abf40-a80c-41ba-93f0-3573d4d88573.bmp 1 0 0 239 239
default/451933e5-b2af-4c7b-bbbf-a48c8aea3d16.bmp 1 0 0 256 222
default/78db9863-60be-4a52-b16a-406b44f779a6.bmp 1 0 0 128 128
default/a7dc8c4e-6106-4b40-be31-cad91ca4cb2b.bmp 1 0 0 182 182
default/01d1609b-d425-48fc-b897-6589c0eaee06.bmp 1 0 0 152 152
default/0ba534fc-9474-4e3e-8ef0-fde8d5697e28.bmp 1 0 0 256 222
default/0d893d16-20f4-4fcb-a3b3-ec3d800b93ef.bmp 1 0 0 241 256
default/b0751ef6-d857-4f4b-8e39-7c0ec5df94ed.bmp 1 0 0 241 256
default/5e0f6982-5b60-484c-ab84-9bc4ef4852fd.bmp 1 0 0 171 171
default/17fd8a40-b3a1-4c37-8634-0f3171f8d03d.bmp 1 0 0 241 256
default/d3cf24d5-6466-4730-9bdd-86c48444d546.bmp 1 0 0 202 202
default/df667122-a21f-42ab-adbf-dd3438d5e66a.bmp 1 0 0 241 256
default/88fbef16-03cc-42ce-9724-20f4134601f0.bmp 1 0 0 241 256
default/d00194ea-e87b-4ac6-8308-1d5efd7b18e0.bmp 1 0 0 155 155
default/8551d106-4c80-43bb-bb3f-96ac31d59194.bmp 1 0 0 241 256
default/44b3ca8d-1b9b-43ba-bd20-e04ee9cd94fe.bmp 1 0 0 242 242
default/ac635098-e6dd-4ea5-a554-16f65f59457e.bmp 1 0 0 253 256
default/96c1c4cf-fa4f-4514-be4d-fac53175cfc4.bmp 1 0 0 253 256
default/d2a5d2ba-0eb5-4be4-bfc1-a254cb6911b8.bmp 1 0 0 251 251
default/80f3ce29-bae8-4f65-bfa0-934970a2888c.bmp 1 0 0 136 136
default/c6c2c75d-e49d-4b2a-88af-c4b13d28c4c0.bmp 1 0 0 253 256
default/245dde3f-da0a-42fe-9a10-89a9b58e069a.bmp 1 0 0 253 256
default/17484cf8-5188-466d-85ba-7a4d2e671911.bmp 1 0 0 253 256
default/b34650a5-dc01-4e34-b92d-fda514c77469.bmp 1 0 0 225 225
default/24f5cc70-843a-4f6b-ae7c-aa17b8640ceb.bmp 1 0 0 245 245
default/3a1822d5-3040-47e7-9510-c44eb8ca9f6b.bmp 1 0 0 253 256
default/cad7962f-935f-4d27-b85b-b4c7f682d991.bmp 1 0 0 239 239
default/2fa9f652-e7c4-4b40-8201-2f8fad71acab.bmp 1 0 0 172 172
default/8e44c6df-d84c-4073-bb7e-37456a229b01.bmp 1 0 0 205 256
default/24f61a97-13af-4e67-b386-0b73d9bb4651.bmp 1 0 0 140 140
default/ba7ad5de-667a-4db6-8b15-b6055a8b4efe.bmp 1 0 0 246 246
default/aea5a63d-e466-40fb-96d6-e5db8011c45c.bmp 1 0 0 134 134
default/5d9c1012-133b-43ce-835a-f09f909044ff.bmp 1 0 0 242 242
default/61955edc-3468-494d-b8ca-697dc203bb35.bmp 1 0 0 205 256
default/ee66555e-d10f-4790-a2e8-f80facb85b42.bmp 1 0 0 205 256
default/fc60e453-40a4-4a46-beff-1015ef5d281f.bmp 1 0 0 169 169
default/b51a0ede-b1a6-4fe9-8d7f-5259ddf9431b.bmp 1 0 0 206 206
default/f7e79b18-e26e-411b-bf35-bd795b5879d7.bmp 1 0 0 204 204
default/ae228314-b273-4c03-befc-c4c4c3ea71cf.bmp 1 0 0 206 256
default/e8b840c6-2461-4e13-8141-ee7e0eb98077.bmp 1 0 0 206 256
default/a155f7ec-c965-45a2-8000-d85a037360b9.bmp 1 0 0 206 256
default/98264203-5b56-47dc-b2df-8cc2f2a68f10.bmp 1 0 0 206 256
default/62ca4581-d8ab-41ae-ab90-da690cdaefdb.bmp 1 0 0 206 256
default/4eb84a96-10cd-4455-b452-ab5dd46b52e8.bmp 1 0 0 157 157
default/3132789a-e245-48a5-8178-4bbc9840b3b0.bmp 1 0 0 206 256
default/5583fab5-4177-4e61-83b3-6bc385344fbd.bmp 1 0 0 206 256
default/4111b36f-c7fe-4925-aeab-e3d3247b6d7e.bmp 1 0 0 248 248
default/dbc4349c-bdf4-4852-942e-10b0e8f68fc5.bmp 1 0 0 214 214
default/947006c9-cd11-4ee3-9312-f81c65ea9a20.bmp 1 0 0 256 210
default/c283ff61-fe61-4331-8fbc-ad71c053111c.bmp 1 0 0 150 150
default/18e67f99-963f-4312-990e-1d592258f62f.bmp 1 0 0 137 137
default/648eb388-af8b-489d-a111-530180037ed6.bmp 1 0 0 256 210
default/1012dcda-9bfa-4dd8-b955-58478d86a9c4.bmp 1 0 0 256 210
default/8abb0f07-c4f0-4072-893a-b404717cf656.bmp 1 0 0 243 243
default/3ace8f48-e76a-41ed-beb0-5aeb78c98477.bmp 1 0 0 161 161
default/62e7846b-7211-406c-b222-21ef63f7aedb.bmp 1 0 0 256 210
default/745c6362-e3f7-48f4-950c-6ff5db004f4a.bmp 1 0 0 192 192
default/1d1ff225-5112-43af-907b-818ec44b66d8.bmp 1 0 0 256 249
default/aa2ed62b-fd1e-42b2-878a-2dbb60fd61ab.bmp 1 0 0 148 148
default/4530e9dd-1a0b-4abd-abe2-9145450f448c.bmp 1 0 0 239 239
default/c6055913-76f6-4eca-95ef-d9a3e9b57432.bmp 1 0 0 256 249
default/120c625b-4d25-43b9-b3ab-1f1b524f83be.bmp 1 0 0 161 161
default/12387e02-8e97-44d2-a558-4ac13b69850f.bmp 1 0 0 219 219
default/5e35fa5b-a7b5-49f1-ad2a-8a5c8c630f32.bmp 1 0 0 256 249
default/66623a2e-366d-42e1-82e0-5fbfd299bdfb.bmp 1 0 0 253 253
default/4e4773d1-5a6d-4a66-be7c-491495cd90ad.bmp 1 0 0 256 249
default/262b73c7-0ed0-4b40-b4fe-5bac65fbf220.bmp 1 0 0 256 221
default/72797119-2824-41fa-83fb-361153c19b9e.bmp 1 0 0 256 221
default/50a9bdff-cfbb-4131-9acf-c58ad3215573.bmp 1 0 0 221 221
default/875e037d-5b39-41a7-a9ff-925b70f1f61f.bmp 1 0 0 256 221
default/61a4d072-820d-4fa3-9375-3ac5ca638b62.bmp 1 0 0 246 246
default/64f38fcd-2173-406a-9ba4-bb74fc0b8c4d.bmp 1 0 0 256 221
default/f8cb5b14-a5d7-472c-b2f6-a6819acea0d0.bmp 1 0 0 256 221
default/932022e5-479d-4a10-9468-232fdb78f183.bmp 1 0 0 256 221
default/3d6df102-a955-48ec-b885-779fa03b1a23.bmp 1 0 0 256 221
default/26d9d003-56d5-4acf-acba-c73b1177d432.bmp 1 0 0 256 221
default/39814e99-eab6-43dd-8c28-c93f2a648ef3.bmp 1 0 0 253 256
default/64d7b320-3e02-4b45-9edd-8145de439c51.bmp 1 0 0 253 256
default/7f46ea5f-4087-4c2d-a7f2-be5749cb3773.bmp 1 0 0 253 256
default/4287c40b-120e-4baf-9de4-cd37c109b31a.bmp 1 0 0 253 256
default/edd213f6-ab4f-4c13-81b1-99c87e8f12ca.bmp 1 0 0 250 250
default/fa36139f-28f3-4dfe-80a0-ac55c4cb0a9a.bmp 1 0 0 253 256
default/ccba3e7e-bb91-4ee5-b8ff-e9af09f25cf2.bmp 1 0 0 253 256
default/30e7d48a-6903-4d09-af4b-90b2e7aea10d.bmp 1 0 0 253 256
default/e7b53876-b6ce-4eff-afd1-2a68bd859d4a.bmp 1 0 0 165 165
default/9c2e0ba6-3666-4d92-8e82-fabb59aa53d5.bmp 1 0 0 253 256
default/b54f99c2-27b0-48b2-b1d3-44814eb990fc.bmp 1 0 0 256 206
default/602ee882-4088-428a-af8c-76f1032056e2.bmp 1 0 0 254 254
default/9df2db79-827b-4a6a-9ba0-076202100957.bmp 1 0 0 256 206
default/12c6e54d-0e97-4a96-9f9c-e566a663d678.bmp 1 0 0 220 220
default/9b7151ca-1bca-4f77-9e05-5b132debc419.bmp 1 0 0 158 158
default/5a68104b-4e17-4b41-84c2-bc574961f184.bmp 1 0 0 256 206
default/7e084718-602a-4e85-b022-8eb6d491b4d9.bmp 1 0 0 256 206
default/abf65e9a-42bd-4b88-8567-d4858a851d53.bmp 1 0 0 176 176
default/57d37fee-d62e-47c0-9a95-cd7ae8e163ea.bmp 1 0 0 175 175
default/5c7545fd-b2be-4f43-a478-21d4e66ad281.bmp 1 0 0 256 206
default/0d6f9855-fe8c-4a11-a674-f7219898821f.bmp 1 0 0 222 256
default/0ff27ebc-8fa1-4611-b5d6-9e4de6aff0e3.bmp 1 0 0 222 256
default/6684109f-0b86-40cc-8ccf-c84b52cdf7be.bmp 1 0 0 191 191
default/45d29dbb-80ab-4444-aac4-cebe5f0b93f2.bmp 1 0 0 222 256
default/b6458daf-0fc7-48d9-b5cb-4dd4d21c7500.bmp 1 0 0 222 256
default/4047e788-a43e-4fca-b7b9-c19ad36adad8.bmp 1 0 0 222 256
default/6d0cff12-ba95-440a-bd00-0c59477d681d.bmp 1 0 0 222 256
default/390cb1d9-5c4f-46bf-aa42-47a776589a6e.bmp 1 0 0 254 254
default/9015a711-c08c-42bf-967c-6ad4009cbf91.bmp 1 0 0 222 256
default/3514f502-990f-41b5-93d9-5140a0f3ea99.bmp 1 0 0 175 175
default/7df3d384-e9fb-46c6-93b2-02bfc10e0de8.bmp 1 0 0 256 256
default/2e682244-434e-435d-9c98-e2ccb9f77722.bmp 1 0 0 195 195
default/a2fa27f5-f223-4321-aaa7-01738753559e.bmp 1 0 0 246 246
default/41361b24-dd20-4ba4-8e4a-6c6e009f92a2.bmp 1 0 0 236 236
default/286c50d9-88e6-4170-bc98-e010508f85b0.bmp 1 0 0 256 256
default/802f79d9-3daf-4c8c-a8d9-811d5894ca61.bmp 1 0 0 256 256
default/9bf79615-ac64-43cc-8148-b25353e11572.bmp 1 0 0 256 256
default/b3af0410-cd77-4cae-a946-db6b679ba153.bmp 1 0 0 256 256
default/b6284d85-e720-418d-8ff6-948411feecbb.bmp 1 0 0 256 256
default/c8e67dbe-bb7e-4678-b3d0-d75d739acd32.bmp 1 0 0 162 162
default/e3b7dcf6-1fb9-4eba-9754-f1985f4ae377.bmp 1 0 0 187 177
default/ce249d20-b2ba-4f24-bc45-4a712b71a757.bmp 1 0 0 254 254
default/bfa8bf3c-6cc2-481f-b32a-9bbda6b68136.bmp 1 0 0 156 156
default/f0cdf29c-d55d-41d2-8990-be32a35b8c2c.bmp 1 0 0 187 177
default/b2ed3565-9962-4195-9e72-65a1cfdc419b.bmp 1 0 0 171 171
default/b71462da-818b-4423-9b5a-8298b84305c4.bmp 1 0 0 187 177
default/6f854137-48ed-454f-b549-d435d2e3eb12.bmp 1 0 0 187 177
default/509615d2-fa3a-4b9a-9019-d63db6d4e9f6.bmp 1 0 0 187 177
default/1b247b2e-d064-41a8-ace3-37d024ab82bf.bmp 1 0 0 153 153
default/d7ce6271-4809-4d3f-a800-0a14354b22c2.bmp 1 0 0 161 161
default/5819adae-6389-48fe-9442-0f6ae1f26eb8.bmp 1 0 0 244 256
default/30a581f0-a8d6-42d7-92d7-a2aad3192277.bmp 1 0 0 156 156
default/24ed52a3-e179-45db-9cfe-27b82140fc79.bmp 1 0 0 244 256
default/7d2a5067-d570-40be-944d-673820746280.bmp 1 0 0 183 183
default/91864d3e-d6a7-4694-b4c3-08d976c9d2d1.bmp 1 0 0 184 184
default/1ce35565-f8c9-47d6-ac39-a92b6d0d2202.bmp 1 0 0 244 256
default/78a4a63f-e33b-4325-a5b4-530ce6fafd10.bmp 1 0 0 244 256
default/853fd596-378c-4e2d-b0a8-0c3c1b5d2de6.bmp 1 0 0 244 256
default/1a34e0c8-a9b1-4c42-9941-476dbb42f092.bmp 1 0 0 196 196
default/4ccc537d-5412-4f01-99c9-52ff02c51ab9.bmp 1 0 0 244 256
default/2d8769b3-d4ae-40fb-8e34-c1b4f2a21844.bmp 1 0 0 196 196
default/f2474491-33f5-45cf-82d4-fa5d43b065c2.bmp 1 0 0 237 256
default/02b2457e-00bf-4e80-bb4a-7c20ec1022b4.bmp 1 0 0 190 190
default/ca406fbe-7140-4c88-9607-45422f1fc8df.bmp 1 0 0 237 256
default/9841eb81-58cf-499b-899e-c1bc5e7a2279.bmp 1 0 0 237 256
default/06b67577-8a21-4178-8e9f-0f3006c5f359.bmp 1 0 0 182 182
default/556de5f6-bab3-49d6-828c-771b01228e3d.bmp 1 0 0 237 256
default/c9e52cc2-0ef3-4558-a460-c376fa5fa689.bmp 1 0 0 156 156
default/52e5035c-01a7-49e1-80e7-d95abaa5574b.bmp 1 0 0 174 174
default/b3c780a2-d98b-4ab2-9f2a-71c03cf8e1ee.bmp 1 0 0 207 207
default/ec1e5c3b-2e02-497f-8a2a-7d7c8eaa6793.bmp 1 0 0 256 234
default/49c01b5d-5704-4ab4-9882-347f0e911e52.bmp 1 0 0 174 174
default/228920ee-5a22-4b41-a7af-a7e0471cf1c1.bmp 1 0 0 256 234
default/6d20c129-e412-42be-9424-59d73c948183.bmp 1 0 0 254 254
default/4a2a1a22-a9d1-41b0-a4f7-2dfdd1bab607.bmp 1 0 0 256 234
default/3c675d91-bee5-4671-868f-88a948f4ab71.bmp 1 0 0 243 243
default/d806072d-036f-4b19-82ed-9e142a4bcbb5.bmp 1 0 0 167 167
default/347cab56-722a-4c75-a3b6-5f461d03164f.bmp 1 0 0 256 234
default/255947cf-6df4-4ae0-8ed6-143476bce06f.bmp 1 0 0 256 234
default/7c64002e-8562-40ce-ba81-bedd8e62849b.bmp 1 0 0 256 234
default/e0973855-f9a2-48a6-bc4b-70a0140432d4.bmp 1 0 0 256 226
default/ae6ac306-9aee-4b4c-8f5b-fc9df34e9032.bmp 1 0 0 245 245
default/b554d23b-0f6d-4eae-8717-76a5ac9d7a0c.bmp 1 0 0 256 226
default/48528209-7f8b-43e2-aed0-b0eefa7db5d0.bmp 1 0 0 256 226
default/44b1d742-b6c4-4fa8-a901-753ecab4fbd6.bmp 1 0 0 256 226
default/724af8fd-21ae-41fa-8244-43042fc2136d.bmp 1 0 0 256 226
default/8aeaeff3-fa3e-4c88-ad28-f9fed9184c47.bmp 1 0 0 133 133
default/9fb1a3fe-44ac-443f-b977-a57011a72048.bmp 1 0 0 256 226
default/c0787014-16f4-41ab-9dac-ecc770ea6549.bmp 1 0 0 206 206
default/3cd26618-06c1-4695-898c-1eb4b445bbc7.bmp 1 0 0 199 199
default/de99f220-ea94-487e-a92a-1a268cae0e20.bmp 1 0 0 256 207
default/0f620a0b-6900-454f-ad08-11be87c99868.bmp 1 0 0 243 243
default/90425cf3-c8f1-4f49-8f81-c915f2cb6de1.bmp 1 0 0 256 207
default/1c23496e-d957-4567-8122-38d4ac7c56c8.bmp 1 0 0 256 207
default/207e944c-3ee2-4fa8-a332-94f702d82a45.bmp 1 0 0 256 207
default/1eb65feb-74de-40a5-958e-f74ee82caf39.bmp 1 0 0 192 192
default/809f5e3a-c0e3-4666-9bd1-3ffab62cdebb.bmp 1 0 0 256 207
default/1adadd7a-c80b-46d4-b9ff-6021931faf72.bmp 1 0 0 256 207
default/f6f5beb1-a126-4032-86d1-1dc16839c790.bmp 1 0 0 256 207
default/61801c01-58a7-465d-bb99-665307d9afb9.bmp 1 0 0 196 196
default/9b16dd06-92cb-433b-bfcf-3e50381741e1.bmp 1 0 0 256 187
default/38490c6b-f4b9-478b-93df-fc0b02ed35ea.bmp 1 0 0 196 196
default/b6b3fbcb-5427-4662-8e3e-bb30a55c7a76.bmp 1 0 0 139 139
default/4d531546-4074-4e15-9a94-e47157f34b21.bmp 1 0 0 256 187
default/0b34b13f-c3f3-4e6e-ba87-08ba47aef071.bmp 1 0 0 256 187
default/0dd61a14-39a6-4ef2-9eeb-a7fd75edd767.bmp 1 0 0 256 187
default/21338885-7057-438a-839f-9c871acd5fd9.bmp 1 0 0 256 187
default/ed6a7c77-6ee7-47dd-b0d6-f3e7d2603599.bmp 1 0 0 178 178
default/625cdf7e-5cd1-4f74-9c95-4c6beed248e9.bmp 1 0 0 256 187
default/710b0e62-731b-4665-a56f-f4f040261866.bmp 1 0 0 200 200
default/bc3d6aba-fe85-4c37-a00e-b2b55d63a607.bmp 1 0 0 183 183
default/5f6534c3-8a32-4092-8167-2c26e66ed094.bmp 1 0 0 148 148
default/93a91f0c-ea1b-4ac4-9456-a8250e5b24c7.bmp 1 0 0 249 256
default/e91944ef-b742-4f67-a85d-a88937c6f286.bmp 1 0 0 169 169
default/536bc336-3498-43e6-a79a-f18f7c1add33.bmp 1 0 0 249 256
default/5bc08665-67d8-42d3-8007-d326cb31bafe.bmp 1 0 0 182 182
default/94cd001f-65fd-45f4-9287-75289e67c2ec.bmp 1 0 0 249 256
default/591f1e85-b92d-46f0-811a-687f60aeb0b0.bmp 1 0 0 249 256
default/0c45a924-c3da-4f63-b4a0-513edfb1b554.bmp 1 0 0 140 140
default/9f4cb3d8-9c9e-4e9c-b030-2623e70285a3.bmp 1 0 0 195 195
default/9e6f0b31-e762-411f-83f6-b1e842003615.bmp 1 0 0 236 256
default/ffa4fee0-0a4d-4147-9ec9-23f6c5be7f30.bmp 1 0 0 235 235
default/c42b1bad-94a1-49a0-ac7b-1f4d20541bc2.bmp 1 0 0 236 256
default/10fcf142-b7e7-4032-8278-87c5f1a249a3.bmp 1 0 0 236 256
default/1487b14f-4920-4e35-b8ea-1aab29e8f673.bmp 1 0 0 150 150
default/fd299d47-5bba-4e1b-a9a1-d4a2b1b3d88a.bmp 1 0 0 216 216
default/c2a86066-c7ce-4480-bca1-d074b081dab1.bmp 1 0 0 236 256
default/84bc5d12-0b88-4187-a6ea-09d2c6f3bf73.bmp 1 0 0 236 256
default/9a734026-b377-4b6a-92e4-c16b2315d4b0.bmp 1 0 0 236 256
default/67a85365-9fe9-47ad-a304-55f481e1d2aa.bmp 1 0 0 164 164
default/432e9e52-4c34-42d0-9cba-d1d8bc162d52.bmp 1 0 0 179 179
default/0010394c-0b9c-48ff-9b8d-f8106fd55c49.bmp 1 0 0 138 138
default/2db88986-a62e-480e-8cfc-c0a1a69b628a.bmp 1 0 0 256 230
default/a2225c5e-cad1-4866-a599-ef16e6881cab.bmp 1 0 0 128 128
default/fc60cb99-c59a-43d9-ae16-92f932ecf201.bmp 1 0 0 256 230
default/06622fc6-b6a2-4af8-bc16-650c02efe900.bmp 1 0 0 256 230
default/49d52f82-3223-44e9-a316-cc296e46137d.bmp 1 0 0 158 158
default/2d01b56a-b6d4-4de1-b03b-36663f3bc153.bmp 1 0 0 256 230
default/2ec13eaf-d8c9-4253-9831-874d984ab8f5.bmp 1 0 0 256 230
default/ac272121-a2cd-455e-9bf8-31a3c874022a.bmp 1 0 0 256 230
default/5827760c-747b-4af6-84d6-b287d41645af.bmp 1 0 0 183 185
default/bafc4b78-6cdd-4efd-86bd-cfb522dd6254.bmp 1 0 0 227 227
default/9cb25672-acf8-49eb-b902-62e52ba463e0.bmp 1 0 0 183 185
default/5a542904-87c9-4471-80bf-ecf450b7a28c.bmp 1 0 0 183 185
default/f4db7ecc-b732-4cba-bf64-e6f49fcb9ba4.bmp 1 0 0 193 193
default/1757b260-9d42-4945-aa11-0fee64d276ed.bmp 1 0 0 228 228
default/b6c9b29f-5f74-47b1-9f76-781316d56275.bmp 1 0 0 183 185
default/4d3b461c-c6de-44dd-9a49-10c653308114.bmp 1 0 0 183 185
default/06923403-a497-4f82-aa5f-571a56b67f07.bmp 1 0 0 183 185
default/8aa69814-e9b2-4a79-8af9-7483790547cb.bmp 1 0 0 167 167
default/7ac5467e-2892-4301-acde-c69e683a82c7.bmp 1 0 0 256 256
default/b030a627-bdf7-48fa-9325-c6f99e3a445f.bmp 1 0 0 247 247
default/1f9c2d65-2b8d-4889-8ec4-f4c76ad36f52.bmp 1 0 0 256 256
default/6c735957-0774-4f94-9d07-b15bbca71a68.bmp 1 0 0 256 256
default/99a5a22f-ad75-4244-902c-8f39684302a6.bmp 1 0 0 256 256
default/e905ea9f-2131-4a0b-81c8-d72e67ca6744.bmp 1 0 0 256 256
default/5a406829-e231-411c-9866-a5ee45317722.bmp 1 0 0 256 256
default/14ebfd21-94d2-45ec-b3dd-8d6517d4d9a9.bmp 1 0 0 157 157
default/2fb9944f-603b-42c3-8e38-458f626baefb.bmp 1 0 0 256 256
default/353860b2-301f-463b-89a3-e09cddadb6d3.bmp 1 0 0 256 256
default/c27e2280-b012-4506-8a24-305d5b630976.bmp 1 0 0 169 172
default/4081276b-a118-4247-8f4e-84e5918d4f03.bmp 1 0 0 146 146
default/a8c8993d-f4f2-487f-a868-0d1e56131d29.bmp 1 0 0 138 138
default/7c5a1815-0186-47b3-88fe-564a7b5d0afa.bmp 1 0 0 169 172
default/0fa911bf-b566-4a57-a38a-b55311ed510a.bmp 1 0 0 214 214
default/86899035-faea-4551-a0c9-65b95aa846af.bmp 1 0 0 169 172
default/24a85a38-6c38-4469-9cd3-8fe566c11407.bmp 1 0 0 167 167
default/d205179f-8a74-4982-867c-c2d4ef575f98.bmp 1 0 0 169 172
default/35c16d69-2290-4678-a013-b593512b75a5.bmp 1 0 0 169 172
default/f469fe77-5116-4e80-967d-a4159eabe443.bmp 1 0 0 169 172
default/d98353f7-4614-4d6d-976b-4f73cfdfaf31.bmp 1 0 0 206 256
default/f8d88918-900f-41cc-b08a-32ef80a60e08.bmp 1 0 0 206 256
default/7e88c210-f9b1-45f5-a257-2801e8c7fb6f.bmp 1 0 0 206 256
default/0254905f-8642-4d58-afbd-15d9e486e16e.bmp 1 0 0 206 256
default/483a76f2-7395-4df4-af68-5456bc51cd28.bmp 1 0 0 206 256
default/b061355b-7dd2-46c3-ae33-1f8848a5f792.bmp 1 0 0 206 256
default/51d8d572-42e1-458b-8fe0-badc0b3233c5.bmp 1 0 0 206 256
default/5707561b-db4f-49c4-8cb1-89b0370f2674.bmp 1 0 0 192 192
default/800bf02a-0dad-45e6-8de8-89f3a61fb8f2.bmp 1 0 0 206 256
default/785233ab-61a8-447b-bbb0-7783a15b16e8.bmp 1 0 0 133 133
default/5c507f60-b928-4fe0-b559-cfb940a0542e.bmp 1 0 0 256 226
default/7491042e-9868-46d6-9ac0-c68a7f8fa15d.bmp 1 0 0 172 172
default/e83680ba-601f-451b-b1f2-33ff34e34507.bmp 1 0 0 256 226
default/302bfb15-612a-4716-a8bf-adf1b99cc2e0.bmp 1 0 0 256 226
default/51b79d5e-e92c-4370-a1cb-96921e17ab1a.bmp 1 0 0 256 226
default/1c75f572-8078-4fc1-970b-14b64069d5da.bmp 1 0 0 199 199
default/8c533b6e-3550-449f-87fd-ced22bca333d.bmp 1 0 0 200 200
default/8f5ea3b8-ba58-43df-87e4-12f7017c37cd.bmp 1 0 0 141 141
default/7115ae91-5c9c-4bbd-ad81-11735cbc744f.bmp 1 0 0 201 201
default/20d2e83a-a2e9-4edb-93f1-d8223250d958.bmp 1 0 0 151 151
default/a15eadd3-14ea-420c-9007-c526090b31ff.bmp 1 0 0 247 256
default/316aba7e-c979-4c14-b5df-e715074a289b.bmp 1 0 0 247 256
default/84585a15-eee4-4317-8bba-295b7d26036c.bmp 1 0 0 188 188
default/77d490ca-7c44-4c11-86d7-3f99851b9181.bmp 1 0 0 247 256
default/dd5ce683-2b54-46a8-b331-a82e6c832a1d.bmp 1 0 0 241 241
default/463d6643-2cda-4b76-a84b-4ac7abc9bdf4.bmp 1 0 0 163 163
default/31a71d45-ad8c-49fb-9282-a05014a85c7c.bmp 1 0 0 247 256
default/cbdca937-fc33-41af-bbd4-f425cefa3fad.bmp 1 0 0 247 256
default/161ee96c-f29e-4ece-b515-cd824cb9d758.bmp 1 0 0 241 241
default/7ba3868e-9027-4f15-883d-aa712040c901.bmp 1 0 0 132 132
default/ee19f3ca-4c7c-48f6-83aa-f1fed247de7f.bmp 1 0 0 256 226
default/88734bbd-ede5-4d63-b533-a14d924a3e7b.bmp 1 0 0 254 254
default/7812d4ce-d178-44a5-989f-2ad8cf3da894.bmp 1 0 0 256 226
default/c49ffa1b-1728-47e6-8d17-a18b1159de73.bmp 1 0 0 256 226
default/2d5af631-4c34-45d8-be61-f2d7a920766c.bmp 1 0 0 256 226
default/ae6c7507-e3d7-4a65-b9cb-b524f057e8b6.bmp 1 0 0 178 178
default/3c6d4898-8661-41ba-82e1-292c469908fe.bmp 1 0 0 256 226
default/c376d416-01e1-415e-811b-8174e96d8ec6.bmp 1 0 0 148 148
default/fb981900-5005-4b82-aec0-5b0fb9c1c3fb.bmp 1 0 0 256 226
default/49d6ac94-c139-457e-bdd3-1a55c95665c8.bmp 1 0 0 198 198
default/1551e372-6821-4a9b-ab39-05b45232d54d.bmp 1 0 0 164 164
default/8f60a200-1fdb-4230-a018-2dc6a5cc91b1.bmp 1 0 0 226 256
default/07ab59c7-e82a-4812-9952-685fbe1e2120.bmp 1 0 0 244 244
default/67891f36-a39d-4169-9174-d0cd2d80c856.bmp 1 0 0 175 175
default/a2ff53e5-5f61-46e3-9409-02c04e4c4176.bmp 1 0 0 186 186
default/a47d4605-2d39-42c8-b7ba-defd45829ec0.bmp 1 0 0 226 256
default/b42478ed-37cf-4366-b27f-3b9d9bb7fc33.bmp 1 0 0 226 256
default/44315fe3-46a9-477b-9676-609883ec5a97.bmp 1 0 0 250 250
default/f125812e-b1dd-48d4-929b-16ec3ccfec2e.bmp 1 0 0 173 173
default/caf2dc91-1bac-4dab-a4ec-dcf86ab381cd.bmp 1 0 0 226 256
default/9e1a30c1-c18d-4745-b3f2-63f424afaddd.bmp 1 0 0 226 226
default/1adbf00c-deba-44d8-8f8d-bc773b2b2d0a.bmp 1 0 0 188 256
default/8d6adfd9-0ed0-4866-805e-d9cf5f000249.bmp 1 0 0 232 232
default/726ea259-0c11-457c-84a5-2af607c1a218.bmp 1 0 0 188 256
default/5ba2fd2d-3b4d-4dc3-83e3-f0386bfe74a9.bmp 1 0 0 185 185
default/6eb66b92-a287-4523-a4d0-1d8eda26856f.bmp 1 0 0 188 256
default/08968b39-1720-40bc-9536-b841a1c4a098.bmp 1 0 0 153 153
default/7c892d53-2a89-4830-a752-c9e05cb110a9.bmp 1 0 0 188 256
default/42141c85-65c0-4efe-a6ab-fd678582da9a.bmp 1 0 0 188 256
default/59d3ff43-36d4-40fa-a1e7-797dfda87d4b.bmp 1 0 0 188 256
default/4401f3be-9241-4928-add7-1432164b4a97.bmp 1 0 0 130 130
default/0ee685fb-3a5b-4216-90c9-20e1c495bc04.bmp 1 0 0 239 256
default/bb1ca924-b678-4768-b06c-d4d5891b9169.bmp 1 0 0 159 159
default/96321537-0993-42b6-9a1f-8a0b83cf414a.bmp 1 0 0 239 256
default/97ed2b9f-37d5-489f-96fa-b077b25cd98a.bmp 1 0 0 239 256
default/c5d04bb9-fb92-4c98-aa43-ec4687d583fd.bmp 1 0 0 239 256
default/53b0d4e6-abd2-4246-ac23-181c9a19979e.bmp 1 0 0 239 256
default/e730d945-1519-46f7-bee2-3839e3cad020.bmp 1 0 0 169 169
default/c91f686f-383d-4208-ac64-6cf4ba6f7729.bmp 1 0 0 239 256
default/7284a282-afeb-40d8-b707-63272e8da2dd.bmp 1 0 0 239 256
default/f4780dbe-fbf6-4b21-bf96-c7b15464f540.bmp 1 0 0 246 256
default/954b2805-54cf-4bdb-8182-8776c352825a.bmp 1 0 0 179 179
default/4e36a581-7a70-4aae-8f8b-8f1eb3938cc3.bmp 1 0 0 149 149
default/8e8f93b6-134e-474d-9ee5-b55b6e2f4b63.bmp 1 0 0 227 227
default/2319d0af-e66b-473b-93cd-fa5c50d6908f.bmp 1 0 0 246 256
default/244f0d06-7e6c-4817-ab16-7aec5eec591b.bmp 1 0 0 246 256
default/300e2c2f-007e-437f-8281-dd89c9b00d00.bmp 1 0 0 195 195
default/157ca19e-dbd9-4c34-a196-1de180c8b4e0.bmp 1 0 0 246 256
default/b6a04d8d-fb0f-4993-95fb-ebb3654a3f6e.bmp 1 0 0 246 256
default/1083d3e7-2f1d-44dd-974d-6f42208b13ca.bmp 1 0 0 246 256
default/d293bca3-1f12-4f5e-b8cd-4218d345daf9.bmp 1 0 0 241 224
default/8326763b-74f2-44b1-adc4-679949740545.bmp 1 0 0 152 152
default/a2bcc363-cde1-4c4f-8ac4-eacc43c1acbe.bmp 1 0 0 241 224
default/003c4d5a-bc3c-4741-85c5-0358aa06021b.bmp 1 0 0 241 224
default/6d11a640-e960-468c-9304-f211050a2223.bmp 1 0 0 136 136
default/d8f794c0-c9fa-4614-8aba-4ded5c54b2f0.bmp 1 0 0 160 160
default/94019207-d45f-4829-8bde-74281b43da20.bmp 1 0 0 255 255
default/7bcde309-8e6b-4ffd-bb91-99f25647c02e.bmp 1 0 0 198 198
default/12a34cda-2efd-4332-92b7-43f5b2cc5ece.bmp 1 0 0 241 224
default/63df1b65-bfdc-4fad-a0d5-de87ff8800c0.bmp 1 0 0 241 224
default/b8e8394c-316c-4f95-a46b-5dbb292eee72.bmp 1 0 0 256 216
default/eb5a8ee5-b958-4ce1-a855-2c6054320dc4.bmp 1 0 0 256 216
default/dcb59585-d516-4fc0-8a5d-7f19e7327c61.bmp 1 0 0 256 216
default/d3055771-3d46-4997-b1a2-75f4d8fea7d3.bmp 1 0 0 174 174
default/5317e8d9-eb2b-45b0-aa97-d711ff8d58c0.bmp 1 0 0 256 216
default/aeba6f30-63f0-4809-bf7d-fa116eceb8b9.bmp 1 0 0 256 216
default/f0ca5700-1861-4610-b37d-6f4df0ec8f35.bmp 1 0 0 256 216
default/f4006d94-2d48-4fef-824e-bee7a1198689.bmp 1 0 0 171 171
default/7b37da49-347c-4550-877b-d5522b7f1b8b.bmp 1 0 0 235 235
default/91a6988c-6c3e-48c3-9210-44b0b2b06325.bmp 1 0 0 198 198
default/c9974610-aca7-4ce4-8a74-a2ff18325ffc.bmp 1 0 0 215 215
default/6e431c03-9d73-48ac-91a3-d89122c51d37.bmp 1 0 0 256 244
default/79233c73-04e0-47e2-95ee-a2cacc93cd5f.bmp 1 0 0 149 149
default/ec5c2d36-fe45-4d2c-90d5-b95cace006f8.bmp 1 0 0 256 244
default/d0ff6486-d97c-4054-8c4f-69a98ba8440c.bmp 1 0 0 246 246
default/d995fca6-f1ba-4943-b68f-5f27df338c00.bmp 1 0 0 256 244
default/ec6cbe10-b3e9-43ad-83fd-557d4f15ade3.bmp 1 0 0 256 244
default/665d1dcf-1ce0-44b4-be73-ac2dcc76e8e9.bmp 1 0 0 192 192
default/cfa71178-7d3b-49cf-9de3-6caec4bb626e.bmp 1 0 0 256 244
default/1ef32733-295f-4812-bd14-3f1cac12f372.bmp 1 0 0 253 253
default/ba1b0302-adb6-4295-af1f-072b3843f10e.bmp 1 0 0 134 134
default/afdc45b1-cbf6-4d24-8483-f500746ccfdd.bmp 1 0 0 256 238
default/af5cc328-fb17-407e-abdc-eadb06a9d402.bmp 1 0 0 256 238
default/b085c032-7ab9-490c-9d3e-28223a6f432c.bmp 1 0 0 256 238
default/d0537c98-aa1f-4326-82af-87a64c54edf5.bmp 1 0 0 225 225
default/0b47c07b-dee9-428c-8889-02086d744ac9.bmp 1 0 0 226 226
default/8d0acc21-8d78-466f-92f8-ab39231027a2.bmp 1 0 0 173 173
default/c58bb7f1-055e-4f98-8bd1-e3636c4f3e9f.bmp 1 0 0 220 220
default/97d096fe-7349-4b06-9d53-4c94bdf4bec8.bmp 1 0 0 256 238
default/b6d34ede-9bfc-40d3-8c21-105b23c251a1.bmp 1 0 0 200 200
default/2fc5e84c-d9d2-418b-af1b-5a075802bf42.bmp 1 0 0 249 256
default/bbf0197f-1675-4d86-ad3d-2dc482420d33.bmp 1 0 0 169 169
default/f8e6476c-701d-4fac-8edd-b18f3cd34be1.bmp 1 0 0 177 177
default/aa01efec-13fb-4633-af3f-fa62f5afd2f0.bmp 1 0 0 211 211
default/87604066-293e-4cf0-9beb-ff57389cd6ff.bmp 1 0 0 130 130
default/577ff3f0-8226-4507-9598-9ab56e4bebea.bmp 1 0 0 209 209
default/42b40d56-ebc4-4a3b-8395-98a06a2746d7.bmp 1 0 0 134 134
default/7041c819-7c09-4cf9-9ce5-53d18cf7617a.bmp 1 0 0 249 256
default/dff27dd8-6963-428c-a2b9-e616ccd14745.bmp 1 0 0 249 256
default/7f51b044-68a1-4e99-9a9e-5a1a96f11550.bmp 1 0 0 249 256
default/0556751d-db1e-4a05-8b73-a8f2bc2d98a2.bmp 1 0 0 256 248
default/93b9f3b5-1875-48c2-9086-a4eee361af3e.bmp 1 0 0 256 248
default/11b317dd-8080-4b03-bdf7-19e46e574d49.bmp 1 0 0 256 248
default/375fb4bf-3b79-4a17-b715-32f60354f99d.bmp 1 0 0 140 140
default/dfb76121-ddb3-47c5-a687-165026250e94.bmp 1 0 0 232 232
default/03a41c59-6d60-4c99-bd88-507aa914a1b7.bmp 1 0 0 188 188
default/97cec383-55d0-498e-b9be-82b88daf3f92.bmp 1 0 0 256 248
default/a4e02532-1247-4642-a701-70b180c92007.bmp 1 0 0 211 211
default/4bca3dbb-2610-4b0b-867a-612bd3b88d48.bmp 1 0 0 256 248
default/8d2b23da-e7d8-45b4-b9e0-a95d47bdd2f3.bmp 1 0 0 256 248
default/e442dc33-8d18-4927-b2ae-941cd39acc5f.bmp 1 0 0 172 172
default/01179809-91e8-47c3-a45a-2b5c6a25e080.bmp 1 0 0 256 255
default/cda3859e-b104-453a-8065-9a601ad6784f.bmp 1 0 0 253 253
default/a1648185-7b9a-43db-bc47-71d759b85b8e.bmp 1 0 0 165 165
default/1cccc2aa-407c-44e4-ac48-2eebc367993b.bmp 1 0 0 184 184
default/0a6050e5-9460-40cb-9ff8-8002e15f2fd5.bmp 1 0 0 256 255
default/2e1b6bb9-401a-4ad3-8b7a-532d2a3fac6e.bmp 1 0 0 256 255
default/1e306ba0-245f-4b68-8e70-b72a3c9be432.bmp 1 0 0 218 218
default/1a691638-36ca-4334-83df-30be7577730a.bmp 1 0 0 256 255
default/8dbf02ca-b0eb-4a45-b4da-9b99d1c2f332.bmp 1 0 0 256 255
default/901844f9-a97f-458e-9eb8-44165ff982cb.bmp 1 0 0 234 256
default/637d7b00-9217-4a61-a291-8358813b3589.bmp 1 0 0 234 256
default/90e41b73-c1b1-4042-a89a-385c28ec745e.bmp 1 0 0 179 179
default/846659d0-c0e4-48d2-b7f7-ef23a63c414c.bmp 1 0 0 234 256
default/ecbc878c-1611-4d09-af2e-d389a9b7df8f.bmp 1 0 0 234 256
default/a04ea145-b8ed-4654-ac57-ebbebee322f9.bmp 1 0 0 234 256
default/86c6a546-8495-47d8-a87e-01f7740546e3.bmp 1 0 0 234 256
default/83184533-783b-48a0-9f02-5a091532233c.bmp 1 0 0 190 190
default/b23ef477-448e-4e8f-9f99-7a129f06d1c4.bmp 1 0 0 213 213
default/39834f6a-d414-4f7c-b30d-6cbced5ebcea.bmp 1 0 0 162 162
default/7059a5ca-8c2f-47d4-9471-9b6a24123200.bmp 1 0 0 218 218
default/b3665a00-46aa-42da-a353-fb78fc75b8ca.bmp 1 0 0 142 142
default/15408e7f-d0f3-4432-93d7-643f21f29531.bmp 1 0 0 246 246
default/cde5433a-9d8c-46e5-86aa-a35575686e45.bmp 1 0 0 256 256
default/ddd55d87-898a-454e-ac98-dbf556a0d080.bmp 1 0 0 256 256
default/72ba8673-5286-4802-9a9e-1e8cffbcc2cc.bmp 1 0 0 145 145
default/5e8f6f87-3bca-4bd6-9c1a-070fb385981f.bmp 1 0 0 256 256
default/37d77dd8-9e92-4c7a-ab27-25b3dd3ac4a8.bmp 1 0 0 256 256
default/f697183c-c49f-4032-9ca0-3993a7a7a998.bmp 1 0 0 256 256
default/31f200d1-6972-4ef6-a4e8-85782c2b3733.bmp 1 0 0 251 251
default/28ef089a-a43c-47bf-8012-b1c985e5221c.bmp 1 0 0 256 252
default/60a8f024-ce6e-4851-affb-a992f39f2dd9.bmp 1 0 0 239 239
default/75673367-97cb-4c86-aea3-cc78ba14d8f4.bmp 1 0 0 256 252
default/565c0efd-0795-48ed-93ce-863ae3c60ffb.bmp 1 0 0 195 195
default/0fafe881-2a11-460e-adaf-1204c17e0b8d.bmp 1 0 0 214 214
default/7bb3bd2d-5c33-431d-b51f-523eb83462dd.bmp 1 0 0 256 256
default/8210c657-e094-4e1e-ac08-8667b73b842e.bmp 1 0 0 256 252
default/eedbadbf-56a5-4336-b171-723f85572e2c.bmp 1 0 0 256 252
default/19a4da36-2ec4-4fe2-b013-374f0e04e7a3.bmp 1 0 0 142 142
default/0d33f888-fee2-4e6e-9df0-502276962d0b.bmp 1 0 0 162 162
default/c0d07719-5d0e-4a9a-8fb6-d74d3b78c798.bmp 1 0 0 256 240
default/5647e958-c130-4283-9c7e-6d10beead7b6.bmp 1 0 0 184 184
default/6a403756-6da4-41a1-8705-8a9b21e24eff.bmp 1 0 0 256 240
default/2d50faea-c278-4cf5-8cf5-1c908d461f9c.bmp 1 0 0 256 240
default/1d52390e-177b-4ce2-92ef-db7cbc51ac9e.bmp 1 0 0 256 240
default/01c1dc2c-ee79-40d7-934e-a200f5f6ed72.bmp 1 0 0 256 240
default/b9e8d309-5e02-4157-b288-cd808b4fe384.bmp 1 0 0 255 255
default/25999aa7-6d74-4b9c-a85c-3702a34aab2f.bmp 1 0 0 224 224
default/53ab9579-4783-4f6a-8149-b58df99a57eb.bmp 1 0 0 206 206
default/f7e74966-65a3-444d-9297-3164376aede3.bmp 1 0 0 256 240
default/3b9cb863-674b-4bc9-8b06-3b7e4df661a7.bmp 1 0 0 171 256
default/6e82f47b-931b-4aab-b37b-76c0686f6517.bmp 1 0 0 171 256
default/a456d55d-3121-493c-bacf-7700318460d3.bmp 1 0 0 171 256
default/6f0158e7-5689-4112-90d4-c82dccdf57a4.bmp 1 0 0 171 256
default/350e2cfc-4e1d-4281-aff3-d19e1ad7d78a.bmp 1 0 0 130 130
default/6571f558-92b5-4114-84f3-5942b0e03455.bmp 1 0 0 171 256
default/9b42d29f-5ed6-4d8b-9648-3a1f467eb1e3.bmp 1 0 0 241 241
default/c6c1e02e-3f81-48a0-bcca-86e514699b37.bmp 1 0 0 171 256
default/16319970-8864-49db-9ab1-d066665ba9f4.bmp 1 0 0 227 227
default/26f20be5-df32-408a-ad1d-4e5029d32503.bmp 1 0 0 171 256
default/b1a3b89c-1067-4d46-a5e6-ed8faa9f03eb.bmp 1 0 0 179 179
default/a93b9304-e66a-42ef-8208-4a7c7a025c70.bmp 1 0 0 192 192
default/1808d4da-743b-4693-b023-b139c5873a19.bmp 1 0 0 254 256
default/281bdeaf-78cf-45fd-9e96-0ebd92ca26ba.bmp 1 0 0 215 215
default/86547624-6423-4bc5-b62f-4488a2d0b3a4.bmp 1 0 0 216 216
default/72dc24f2-0ef7-49d9-b680-9d1bc034285d.bmp 1 0 0 254 256
default/d27af191-f883-4339-96a3-3453f01d90c2.bmp 1 0 0 243 243
default/03b32c7e-6b23-45d0-acd9-772e11e59b7f.bmp 1 0 0 232 232
default/b1f2cf9c-14f3-422d-8c8a-f14bea3ae143.bmp 1 0 0 254 254
default/0c97a6e8-7e73-44c6-b53f-0b90a18939f6.bmp 1 0 0 254 256
default/96ae10b9-c00c-422e-b1e3-8309696d6a25.bmp 1 0 0 184 184
default/e4845ba6-f18f-4a7b-ba2c-f8bbf6b33043.bmp 1 0 0 256 256
default/62f117c8-4059-4af3-b809-80dd220c792c.bmp 1 0 0 162 162
default/95b07c42-e445-49d5-859d-eec6790e3b3c.bmp 1 0 0 186 186
default/0ef36e2d-23bd-43ed-984d-e35f5f8ee8d4.bmp 1 0 0 256 256
default/8bdf4dbd-8f65-4729-beb7-a22f66874f5f.bmp 1 0 0 256 256
default/1da0bdab-7177-459f-929a-8ff757f271d8.bmp 1 0 0 256 256
default/3086eb60-4260-44e1-84a0-56736e22c4e5.bmp 1 0 0 256 256
default/0bc5a3ab-74a4-4239-8e5e-cb2d10e94c69.bmp 1 0 0 158 158
default/0ecdac7c-3945-48d7-a8d2-69c7a7d6e6ad.bmp 1 0 0 243 243
default/89bfcce1-9440-4383-a5ce-16bbf6f86ef2.bmp 1 0 0 256 256
default/c17984a6-90cf-41d7-8a42-35cda16ae110.bmp 1 0 0 256 256
default/3f14c3cc-c72e-4fd9-95f0-13eb413dfcdd.bmp 1 0 0 256 256
default/91742e35-1a96-4886-bedf-e143798d6b78.bmp 1 0 0 256 256
default/68d3cb06-d880-43f1-89a1-22b1cb0de692.bmp 1 0 0 192 192
default/5b2e62b9-a944-4c64-842b-4f08d4c71a27.bmp 1 0 0 256 256
default/83bfc6eb-c9c9-441c-a137-d503faf8f9ca.bmp 1 0 0 143 143
default/f6adb00d-61da-41a2-b0d8-a3425602373e.bmp 1 0 0 256 256
default/2305cc13-b45c-45f9-9094-2086bf80581e.bmp 1 0 0 256 256
default/697fb1e3-9e83-42bb-b2f1-46a9e6275ede.bmp 1 0 0 256 256
default/0165adbb-acbb-426c-89a5-5cac701fea16.bmp 1 0 0 172 172
default/163ac09d-e006-4b47-86f6-4a6fdf535339.bmp 1 0 0 229 256
default/9c436ae1-bb49-4bc9-80d8-2e56225f3e21.bmp 1 0 0 229 256
default/53e9f639-599f-4656-b51c-2e2119a95d69.bmp 1 0 0 229 256
default/e3ace1ef-b0aa-4ef2-93b4-e54c37bc6120.bmp 1 0 0 197 197
default/1554a848-03e9-41db-b01a-637167255fc6.bmp 1 0 0 229 256
default/820f4ad4-cb56-45e6-9fe7-b649fc221c5e.bmp 1 0 0 198 198
default/da797b5f-f590-4776-99cf-da4d2e7ca807.bmp 1 0 0 185 185
default/e6f22a87-b852-4ee0-93e5-dc428767a8e9.bmp 1 0 0 229 256
default/95c6d45d-d313-4a03-876c-58f7acd106d8.bmp 1 0 0 229 256
default/3ef174a0-a780-4ea2-93d0-fc96ca160ebc.bmp 1 0 0 245 256
default/f0fa47bb-c3da-44f0-a06e-10679c53af01.bmp 1 0 0 245 256
default/7742a91d-d769-4208-9b78-305165fbaa93.bmp 1 0 0 249 249
default/aa8d8190-0b78-4cac-b3d6-07bec6257236.bmp 1 0 0 245 256
default/732d18d8-f5cb-4df2-9801-dcb60e55ab33.bmp 1 0 0 245 256
default/3521784a-3164-43e5-b0c0-90e433a2c15e.bmp 1 0 0 245 256
default/df89ae45-2d12-4f6d-9bb6-3958429c5a76.bmp 1 0 0 201 201
default/3898b70f-7945-4a61-9d1a-fc3bfd8fa47d.bmp 1 0 0 245 256
default/9a3d6ae5-1efc-4f64-97cd-f5f1f1859e17.bmp 1 0 0 151 151
default/b1560f23-a5e1-4174-9a55-aca316b6970b.bmp 1 0 0 163 163
default/b051ac6a-9148-4683-9396-c5573991a2f9.bmp 1 0 0 129 129
default/2c049151-5cef-4756-a4bd-cefba2204052.bmp 1 0 0 221 221
default/79efde4f-c401-4737-920a-c2f9a4ec3ac9.bmp 1 0 0 249 249
default/04f9b889-74ea-49d7-8c6b-24e5c8019665.bmp 1 0 0 236 236
default/387938da-32fb-4919-ac6d-baa2fcd89c32.bmp 1 0 0 256 244
default/af96e118-e283-4f80-aff2-e73ec447baab.bmp 1 0 0 181 181
default/be350c5b-2630-4bef-addd-b7ef0e92c6f8.bmp 1 0 0 171 171
default/749a50b9-d374-4802-995a-6aafbcf8d51b.bmp 1 0 0 239 239
default/f78cce5b-5e1d-4382-883f-c236b118c954.bmp 1 0 0 256 244
default/a933da69-0fe9-4ede-8c47-464fe2e0917b.bmp 1 0 0 256 244
default/575d24b6-6df6-4741-8c29-ab381a5d43a0.bmp 1 0 0 240 256
default/b6d1fa4f-c8ef-4bf3-84a0-8b564e9437c1.bmp 1 0 0 194 194
default/ad63cd91-4b3c-4bfa-8871-ebc7687fd770.bmp 1 0 0 246 246
default/1338d4a0-4410-471c-8bc8-53dd8ab35666.bmp 1 0 0 240 256
default/a8e198c8-5db1-4f17-9daa-9047188ead36.bmp 1 0 0 240 256
default/8e2138bb-80e2-4f27-bcbd-a4a6e7a77c80.bmp 1 0 0 240 256
default/563dbc4f-1fae-4f6a-9a64-3246083dea80.bmp 1 0 0 128 128
default/32058c93-5c11-4b2b-b295-6df056bff9a3.bmp 1 0 0 240 256
default/edb4e9e3-7a9e-4b21-b23f-f4293bc0222d.bmp 1 0 0 240 256
default/a50d52b8-3703-4535-9ee4-4a1f00f98d13.bmp 1 0 0 243 243
default/9aa65bb0-7917-4284-9af8-c5dd9c609188.bmp 1 0 0 249 249
default/f188cc5b-ea07-45d9-93e8-ecdeb4771d8e.bmp 1 0 0 179 179
default/f14bbdde-eeae-4471-9a61-457df602f126.bmp 1 0 0 234 234
default/efca469d-ca68-4d83-9622-6f695ffe3bf1.bmp 1 0 0 134 134
default/bd673928-39c7-4328-997b-9258d3a69cdd.bmp 1 0 0 256 253
default/f0018b43-4687-44ed-92f5-cbc52307bde2.bmp 1 0 0 256 253
default/bde39a59-0529-4df1-9d63-2dc278790c04.bmp 1 0 0 188 188
default/2ed1f5c3-562f-4d3f-aabe-c1135ac4264b.bmp 1 0 0 188 188
default/9f21c66c-6546-4d8a-9207-64905b158057.bmp 1 0 0 256 253
default/c16506ca-69ce-406d-8591-13c5a1b5cdaa.bmp 1 0 0 231 231
default/ffae9f4d-3933-41d0-8320-45e62f2bd947.bmp 1 0 0 227 256
default/8bbf8ed3-4dc8-46df-b960-2f7a6f8d5dc0.bmp 1 0 0 227 256
default/bf273d19-fda5-4df3-a59c-e8be559237bd.bmp 1 0 0 227 256
default/5a2c6ac1-061a-4c05-a58a-b4cfc61e899c.bmp 1 0 0 247 247
default/b534921e-e258-4f75-90ba-2161de919f73.bmp 1 0 0 227 256
default/8b5beee5-6c23-46b3-9b81-f80275d8a2d8.bmp 1 0 0 227 256
default/7a7755ef-07f4-4e05-9c18-43793d6ea926.bmp 1 0 0 246 246
default/42ceedd7-3f6d-476e-aae1-29eed609f5cb.bmp 1 0 0 227 256
default/0899ea90-2efb-4597-b3d2-b49ffd9fd8bf.bmp 1 0 0 227 256
default/439642fc-6e4b-4f0d-8649-f171c5c3b3b8.bmp 1 0 0 171 171
default/267ac4c9-f5ac-463e-9b55-036c8681909e.bmp 1 0 0 256 245
default/d34a7b7c-a76d-499e-87c5-071c6df32a8f.bmp 1 0 0 256 245
default/abc9eece-615b-484a-aa2c-b03bb8252477.bmp 1 0 0 256 245
default/ded44ba8-c291-4de6-bb52-ee49af42db60.bmp 1 0 0 159 159
default/0964eb80-068b-4593-a713-e2510bb246ff.bmp 1 0 0 190 190
default/dbbe8644-6a73-4d37-a723-5debdd3e5048.bmp 1 0 0 171 171
default/8ff59df6-a06f-4e4b-b8c7-093fe0a6986f.bmp 1 0 0 153 153
default/ee0363ad-f882-4177-b789-af631efac8bf.bmp 1 0 0 161 161
default/4129f7b7-4db3-4987-9032-87ba4bee1ce6.bmp 1 0 0 256 245
default/916a6f69-e3f1-4a37-92af-5acf321cd2a3.bmp 1 0 0 240 240
default/429e777d-a6f1-4321-8af4-51643a56abed.bmp 1 0 0 172 172
default/769cdc83-57b0-417b-82da-87c096ca3045.bmp 1 0 0 203 256
default/193dd772-45c5-4357-9ccf-6b321eaf2fc1.bmp 1 0 0 203 256
default/e816ea57-e8b6-455a-a5d7-bdecbc9e7c70.bmp 1 0 0 203 256
default/07571e27-a9fb-4fa5-a653-a13da0c7a512.bmp 1 0 0 203 256
default/c24820f4-3dd2-4623-8c28-e7278e1960f6.bmp 1 0 0 203 256
default/f011dfe8-7da5-4083-afa9-cd7650c69f60.bmp 1 0 0 144 144
default/63aae0ee-5e1e-4da3-95b8-c803c2670f7e.bmp 1 0 0 161 161
default/0893161b-5496-4bf0-842e-4f87dbf38d14.bmp 1 0 0 203 256
default/3d5b9b28-641e-40c3-93cc-eb0e7a5ee645.bmp 1 0 0 186 186
default/6bc8734f-e25b-4c1b-973b-1e0e6cd39403.bmp 1 0 0 256 190
default/a334da94-5d73-4d84-a945-1d7161141ada.bmp 1 0 0 161 161
default/674e00cf-3703-4d88-844a-06655c33f4a7.bmp 1 0 0 244 244
default/534955bc-aecb-4c88-80cf-d02e4f95f695.bmp 1 0 0 256 190
default/c83d0c26-e975-4e54-b388-2eb224ca0f1f.bmp 1 0 0 256 190
default/7523a23f-8a82-4c92-95c4-bae4cfe643ef.bmp 1 0 0 155 155
default/e66e3973-0de1-4389-b46a-0fd42a95ff13.bmp 1 0 0 256 190
default/02c674c2-1f19-49ec-a444-98ff089765e7.bmp 1 0 0 253 253
default/275515e5-01eb-4a95-8e8d-3e21a046ff82.bmp 1 0 0 216 216
default/25697381-07a8-41aa-aa44-777f1b890b5f.bmp 1 0 0 256 190
default/afea9f28-dcab-4b46-9a1e-e4e72ab5e3ea.bmp 1 0 0 139 139
default/2d315d72-59ca-4ce5-ae07-ae5ab9866e66.bmp 1 0 0 256 256
default/d7a3ce9f-f82d-4f26-9bad-bf7c2b49905e.bmp 1 0 0 256 235
default/02351223-be4c-448c-9d0e-fd8d9d8f5285.bmp 1 0 0 256 235
default/c9d9937c-5281-4d86-9678-0d8bda425382.bmp 1 0 0 253 253
default/ce11675f-5037-4452-9240-262b15c575ed.bmp 1 0 0 138 138
default/7437f09a-dc86-45af-b3ca-a481a6872509.bmp 1 0 0 162 162
default/f6eacf2c-4060-401e-9446-2bf2f906944e.bmp 1 0 0 256 235
default/39fecca3-99ce-4b79-9ce7-d2a242c2bbc4.bmp 1 0 0 256 235
default/29cdcaf4-8769-4f17-8072-9510eb16c755.bmp 1 0 0 159 159
default/8febb95a-fa98-428e-aff1-0ab0028ced41.bmp 1 0 0 174 256
default/234b1965-1947-433b-8c76-7498e3af418e.bmp 1 0 0 249 249
default/4abaa4c5-99b9-4ef9-a01d-ff1ecf1938c9.bmp 1 0 0 180 180
default/527cde8c-95f1-4fe2-8e6e-3ed8674f8931.bmp 1 0 0 192 192
default/01346cc1-d42a-4521-9d29-d46c29291d7d.bmp 1 0 0 174 256
default/3c29bef5-08c9-4f30-aa30-38b070f535da.bmp 1 0 0 174 256
default/0691fa83-02ab-47eb-8d99-a071b8159df3.bmp 1 0 0 174 256
default/a89d8946-ff88-497a-80fe-bd2992fb4410.bmp 1 0 0 174 256
default/5a6f1f03-13f7-4334-bf7d-d95ad5a004f9.bmp 1 0 0 174 256
default/098656e7-c1b2-4534-97e2-38a297cfb6c5.bmp 1 0 0 174 256
default/cdc9590f-f8cc-43d7-96e7-a789dfbb1c03.bmp 1 0 0 220 256
default/36baa091-584a-48f8-8b1f-d5c4f51ca937.bmp 1 0 0 220 256
default/36ea3d23-c648-41b6-af9c-ab636cd6b0f7.bmp 1 0 0 220 256
default/c8094464-02c0-4a43-9bfa-fb4ca2190ffb.bmp 1 0 0 220 256
default/01ccd4aa-1cfb-457f-839e-fdfc870f49a3.bmp 1 0 0 230 230
default/7ec4eb8c-d250-4c1f-b7d4-b235e9eebedc.bmp 1 0 0 220 256
default/9ee48bf2-7520-4025-b1e9-4c4f4a24326d.bmp 1 0 0 253 253
default/ec102762-1923-4c01-9398-09eabde1bb07.bmp 1 0 0 154 154
default/ed503750-bdfd-4515-8901-f6ae2dec0bd5.bmp 1 0 0 220 256
default/25656705-138d-47e4-911c-b6bf37b20b00.bmp 1 0 0 160 160
default/e8fc5c9f-8445-4a18-bbb8-5a4c0e9ba37b.bmp 1 0 0 210 210
default/b9e00d5b-23fa-4c4e-b5d4-658cc89eb07c.bmp 1 0 0 256 226
default/c846e7c8-294d-45b7-bbff-fe2530793149.bmp 1 0 0 195 195
default/7b37e2f3-c2f9-442f-b03d-9706c3eb06ff.bmp 1 0 0 237 237
default/02e9ea04-792f-4fb2-91c0-ef85474b9108.bmp 1 0 0 256 226
default/33dda00d-e4f1-4805-a6b4-bf55389d76ba.bmp 1 0 0 256 226
default/18c90ee9-db1d-4494-8dae-0ca1e9f31833.bmp 1 0 0 205 205
default/28cf27bc-3a8e-4384-95e5-efc3499e7683.bmp 1 0 0 256 226
default/07473020-61f1-4541-9ecd-cc1598b8545f.bmp 1 0 0 256 226
default/ec295697-0a69-4d48-bfd7-392af896b8b1.bmp 1 0 0 256 226
default/8183f3a8-e918-4d26-8225-6df0bc90f1e5.bmp 1 0 0 214 256
default/56a7b75b-817a-4635-a66c-881efb1f2329.bmp 1 0 0 220 220
default/fe610097-8c90-45c5-bd53-7be8940d1016.bmp 1 0 0 216 216
default/5e8b253e-196b-49f3-9ecb-8b5c7ffacb58.bmp 1 0 0 214 256
default/01e33676-6fe1-4b51-a6db-93428a2a5cd6.bmp 1 0 0 214 256
default/74e5ea9d-9ee1-4fc9-9b08-84507e925b7a.bmp 1 0 0 168 168
default/70e9b331-7021-4649-809b-715e7183bce4.bmp 1 0 0 205 205
default/326b203d-1a1a-4384-9d21-648a69442f46.bmp 1 0 0 214 256
default/e3ce37b3-84a7-4eb5-8337-0471fc1801f3.bmp 1 0 0 162 162
default/1228b198-bfd2-4da9-9497-e8a7e6315c87.bmp 1 0 0 214 256
default/f00071ee-7fbe-45a0-a0a7-adaa7d84e597.bmp 1 0 0 188 188
default/49df0d19-f3d7-4735-8fae-3d0a4e96f9cb.bmp 1 0 0 145 145
default/8d1561ce-e265-4935-afc5-bd3cdb50178b.bmp 1 0 0 256 243
default/bfdbbc7e-7f09-4cd1-b6c0-1140d97f73b2.bmp 1 0 0 256 243
default/771605d6-1de8-46f7-94f6-903f7b557973.bmp 1 0 0 189 189
default/698f1056-2d7a-4e91-bd61-899bdb44fb42.bmp 1 0 0 215 215
default/e5060be8-cc28-4184-bfe4-4f5c7d41bc16.bmp 1 0 0 154 154
default/866e72fe-6188-4143-b884-2759b3a77814.bmp 1 0 0 256 243
default/eb3f3cf5-2ded-422b-881a-f72c3a58117f.bmp 1 0 0 161 161
default/2115483d-ca1a-45c0-97c9-21af57ab652f.bmp 1 0 0 216 216
default/d2356694-a4a9-420b-86f0-dbc03e0d6725.bmp 1 0 0 256 256
default/2865daec-aa1c-4e8f-9fb9-291f5b676d98.bmp 1 0 0 256 256
default/501a9822-880c-4a8c-bba6-9540549cb17c.bmp 1 0 0 192 192
default/6bcc4ea5-b2a9-4fa3-b10b-173d7a390c1f.bmp 1 0 0 256 256
default/584b7b4a-2baa-43f7-9ec3-ada644f45882.bmp 1 0 0 248 248
default/ee009b55-2c32-4863-9be0-1ead47516456.bmp 1 0 0 248 248
default/455e3df9-4c95-4a96-b5c9-b9b4b62f0cad.bmp 1 0 0 256 256
default/243101ef-2b33-46b2-a964-2c8d5b99087d.bmp 1 0 0 256 256
default/4548e7e6-b65e-476b-843d-5ea04d8e5df3.bmp 1 0 0 256 256
default/b7111059-88fe-482c-86db-1525ea3c0311.bmp 1 0 0 256 256
default/1928acb8-feb9-42db-91bd-d69ae152acc8.bmp 1 0 0 185 185
default/79d57e0e-b485-47fc-a92f-0268c3a61ad2.bmp 1 0 0 254 256
default/5da76222-e7e3-4fc0-a7a4-777858cdbcf6.bmp 1 0 0 254 256
default/4fa0d1bb-50a5-48a9-876e-6a7057c2e96a.bmp 1 0 0 254 256
default/be2c228e-c5fc-41bd-afdd-69edd6342627.bmp 1 0 0 178 178
default/16388029-8b0b-4f1e-8f60-0bd11c986162.bmp 1 0 0 136 136
default/9f78244f-f9f2-4436-a0af-343af5d41194.bmp 1 0 0 148 148
default/d5ce22fd-b85c-4318-8005-fc0c8bf4a9e6.bmp 1 0 0 254 256
default/379f1a46-f76c-4640-97ed-e63075fe7ebc.bmp 1 0 0 254 256
default/ded0aaa0-f6bb-4c3f-8724-8db1b64bf81b.bmp 1 0 0 139 139
default/bf470446-6e89-4a69-9de4-1d6b2a9a0523.bmp 1 0 0 256 215
default/5f7a6baf-151a-4030-8b9c-16bfac501904.bmp 1 0 0 256 215
default/d5089612-609c-4745-a5fa-f7f81e3376eb.bmp 1 0 0 246 246
default/72aabb8a-cbab-4992-b0ef-9e4f4d551a53.bmp 1 0 0 203 203
default/07ad1a89-00ea-426f-aab8-f5581e8d3857.bmp 1 0 0 256 215
default/2be28bb2-5a5f-480e-9ee0-e66148af2c7c.bmp 1 0 0 168 168
default/c79fad83-a630-497d-8678-3bc4cc3972ec.bmp 1 0 0 250 250
default/19b07b75-32c5-4ce5-a81c-e9a8cd42da07.bmp 1 0 0 256 215
default/86b4e524-96be-4a86-bc2f-d4154b1fedcd.bmp 1 0 0 256 215
default/b925c1a9-6c32-44bd-8ab9-7ade38ac7fc1.bmp 1 0 0 256 215
default/445b68a7-c361-424f-b71a-3c6baad81421.bmp 1 0 0 213 213
default/c822e382-b7e9-47f3-9224-329889124b91.bmp 1 0 0 256 235
default/786aac66-f94f-42f5-9455-21bba72782a3.bmp 1 0 0 218 218
default/9cb4129e-e31f-4184-8615-001bf5a4588e.bmp 1 0 0 256 235
default/24458292-dd44-4df1-ab4a-4c08a5d7f7cb.bmp 1 0 0 256 235
default/bb2e9318-8f40-4728-b4d7-08bba0dae028.bmp 1 0 0 236 236
default/bc7f4571-e42d-4c63-96fe-120a08b7e20c.bmp 1 0 0 164 164
default/cedd762d-ea12-4314-8756-bebd59280896.bmp 1 0 0 256 235
default/41606cd8-47d5-48e5-8cbc-fc90e4ef33d5.bmp 1 0 0 256 235
default/840e864a-232a-4a4e-97cb-3bc6b0341e19.bmp 1 0 0 219 219
default/c242e769-2eca-4229-be05-c997d93a209f.bmp 1 0 0 251 251
default/6d0d2f2d-0f1b-468b-b945-3745388502fb.bmp 1 0 0 252 256
default/5dbdbc36-4bfb-4dca-b68d-71d83156f973.bmp 1 0 0 252 256
default/f2dcb784-e90a-4ee2-82bb-3ee1e9cd705e.bmp 1 0 0 245 245
default/9a643f32-c94e-4ffc-82cc-eb276f7f24cb.bmp 1 0 0 252 256
default/9eb62246-b081-4fae-adea-8f6bf26e0c22.bmp 1 0 0 194 194
default/7085a57a-5795-4917-993c-2c65599034d7.bmp 1 0 0 252 256
default/94382dd0-0dc6-4f3a-81ad-5cd23fe21913.bmp 1 0 0 141 141
default/b866070d-f2d8-4bb2-8413-c2025235e6cf.bmp 1 0 0 252 256
default/eaf4d1d2-85a7-4eac-a9c4-00cc6c908a97.bmp 1 0 0 252 256
default/d76b1e74-d81e-4589-a979-f7e1dc19c40f.bmp 1 0 0 254 256
default/9fed26b4-1f06-41bf-a54c-2b5f7ec048d4.bmp 1 0 0 254 256
default/a64ee415-1111-4bf8-a1af-6ed4e0992b86.bmp 1 0 0 235 235
default/3651ca04-c549-4c8f-a342-c32aa01550e6.bmp 1 0 0 254 256
default/df215a68-f6ca-4465-b542-c1c14e289d0b.bmp 1 0 0 190 190
default/1db91054-24f0-49fb-8af7-4b88a2f4e669.bmp 1 0 0 254 256
default/885c4cd1-256e-4e83-83f0-094cd33ba69b.bmp 1 0 0 185 185
default/f56b9316-e5c7-43c4-b947-8cca13902cb0.bmp 1 0 0 254 256
default/db3fbd90-4fed-42c1-b67a-2928af7c3b06.bmp 1 0 0 254 256
default/fedb494d-0cfd-4ddc-82ab-014ed0c3cbfc.bmp 1 0 0 254 256
default/5c836648-1cd4-4b67-8641-4d4d6b4a4c5f.bmp 1 0 0 176 176
default/2d25ec79-ea8d-4a64-a175-57d5b946dad2.bmp 1 0 0 256 167
default/527f300d-d0d7-4dd9-a9b6-bd1b4d955258.bmp 1 0 0 256 167
default/e18666d5-07b0-4965-b4b6-8b9021e176fe.bmp 1 0 0 221 221
default/a8bb1b90-9c19-441d-9409-978f2b122404.bmp 1 0 0 256 167
default/4666d323-37d8-4200-9d3d-1087400da7a7.bmp 1 0 0 256 167
default/3ffd67a9-4b88-4cf2-bd87-5aed07367a28.bmp 1 0 0 256 167
default/e5e1a223-dcf7-492a-8f6b-764591f56a25.bmp 1 0 0 191 191
default/ef7688da-5b13-4e58-9e99-112f580ccf97.bmp 1 0 0 256 167
default/abbf106b-b644-44f0-9ea6-62804b4d8d5a.bmp 1 0 0 252 252